 identification    nclash     fnat  fnonnat    lrmsd  irmsdbb  irmsdsc distance    theta  seqid classification
T32 RANDOM     0   12/ 75   0.0000   1.0000  27.9129   9.3248  10.1988  26.2265  55.5536 100.00 incorrect
T32 RANDOM     1    9/ 75   0.1882   0.8049  32.9525  10.0547  11.0063  28.3444 114.6761 100.00 incorrect
T32 RANDOM     2   21/ 75   0.0118   0.9783  39.8205  11.8726  12.9770  35.5519 127.4380 100.00 incorrect
T32 RANDOM     3   22/ 75   0.0000   1.0000  62.7530  16.4547  16.0101  60.5707 105.7052 100.00 incorrect
T32 RANDOM     4    7/ 75   0.1412   0.8519  31.3026  10.5991  11.7621  25.2867 132.4698 100.00 incorrect
T32 RANDOM     5   56/ 75   0.0235   0.9726  41.3993  11.0664  11.9077  37.8629 120.1266 100.00 incorrect
T32 RANDOM     6  119/ 75   0.0235   0.9811  44.1503  12.7428  13.7694  39.9298 152.2282 100.00 clashes,incorrect
T32 RANDOM     7   40/ 75   0.0118   0.9878  24.6921  10.5007  12.2053  13.9367 162.3966 100.00 incorrect
T32 RANDOM     8   11/ 75   0.0588   0.9275  34.9521   9.7615  10.5767  31.5329 101.1826 100.00 incorrect
T32 RANDOM     9   10/ 75   0.1059   0.8929  36.0027  10.0639  10.9141  32.3138 109.5671 100.00 incorrect
T32 RANDOM    10   14/ 75   0.1294   0.8972  32.0864  11.5337  12.9335  25.4434 152.1872 100.00 incorrect
T32 RANDOM    11   24/ 75   0.1294   0.8226  21.6992   5.0470   5.1421  19.6199  52.9825 100.00 incorrect
T32 RANDOM    12    9/ 75   0.0824   0.9205  32.9144  11.8156  13.2215  26.2662 157.5811 100.00 incorrect
T32 RANDOM    13   96/ 75   0.0706   0.9487  36.1134  10.7264  11.6199  30.0199 147.8415 100.00 clashes,incorrect
T32 RANDOM    14   24/ 75   0.4353   0.3273   9.3166   2.0985   2.3699   8.2129  24.9941 100.00 acceptable
T32 RANDOM    15   39/ 75   0.4706   0.3750   6.5566   2.4320   3.0293   5.7137  18.1095 100.00 acceptable
T32 RANDOM    16   60/ 75   0.0000   1.0000  60.9459  19.9461  21.1179  59.1605  95.5907 100.00 incorrect
T32 RANDOM    17   36/ 75   0.0353   0.9423  40.1357  12.1162  13.2439  35.8081 131.1958 100.00 incorrect
T32 RANDOM    18   11/ 75   0.1765   0.8235  33.5351  10.2114  11.0841  28.9783 115.9305 100.00 incorrect
T32 RANDOM    19    8/ 75   0.1176   0.8667  32.5272  11.8146  13.2386  25.6586 158.8017 100.00 incorrect
T32 RANDOM    20   17/ 75   0.0000   1.0000  51.0182  15.2882  16.1454  47.2380 156.7319 100.00 incorrect
T32 RANDOM    21   12/ 75   0.0000   1.0000  48.1755  15.4655  16.6526  43.3831 163.2160 100.00 incorrect
T32 RANDOM    22   24/ 75   0.4941   0.3000   5.9303   1.7965   2.1833   4.3331  22.9408 100.00 medium
T32 RANDOM    23   17/ 75   0.0824   0.9327  33.4419   9.2183   9.8167  27.9802 123.8148 100.00 incorrect
T32 RANDOM    24   25/ 75   0.0000   1.0000  31.4859  11.7971  13.2329  24.0960 162.2791 100.00 incorrect
T32 RANDOM    25   89/ 75   0.0000   1.0000  34.9989  11.7041  12.6470  31.7246  90.7688 100.00 clashes,incorrect
T32 RANDOM    26   11/ 75   0.1176   0.8980  32.1944  11.5559  13.0048  25.5714 150.8663 100.00 incorrect
T32 RANDOM    27    7/ 75   0.1059   0.9011  32.4787  11.3454  12.6829  26.1431 143.7295 100.00 incorrect
T32 RANDOM    28   13/ 75   0.1059   0.9100  31.8875  11.5726  13.0704  25.0137 154.6284 100.00 incorrect
T32 RANDOM    29   15/ 75   0.0824   0.9213  32.6270  11.9582  13.4425  25.6665 162.9974 100.00 incorrect
T32 RANDOM    30   57/ 75   0.0706   0.9221  28.9520   7.0665   7.7005  25.9753  84.4949 100.00 incorrect
T32 RANDOM    31   39/ 75   0.0000   1.0000  59.9871  15.7698  15.4045  58.0319  95.6876 100.00 incorrect
T32 RANDOM    32   13/ 75   0.1882   0.8351  32.0201   9.6980  10.5770  27.5563 110.2985 100.00 incorrect
T32 RANDOM    33   74/ 75   0.0000   1.0000  64.7279  18.7127  19.4968  61.9118 151.9076 100.00 incorrect
T32 RANDOM    34    9/ 75   0.1059   0.9062  33.3832  11.7419  13.1058  26.9544 152.1836 100.00 incorrect
T32 RANDOM    35   11/ 75   0.1765   0.8235  33.5351  10.2114  11.0841  28.9783 115.9305 100.00 incorrect
T32 RANDOM    36    7/ 75   0.1059   0.8989  32.4895  11.6154  13.0927  25.8124 154.6752 100.00 incorrect
T32 RANDOM    37   32/ 75   0.3412   0.4630  12.9066   2.9874   3.5726  11.6491  34.0843 100.00 acceptable
T32 RANDOM    38   45/ 75   0.0000   1.0000  38.3642  11.7418  12.8014  36.7382  68.8631 100.00 incorrect
T32 RANDOM    39   59/ 75   0.0000   1.0000  39.3216  11.8976  13.0469  37.0438  85.8242 100.00 incorrect
T32 RANDOM    40   20/ 75   0.0000   1.0000  52.5925  18.3255  20.0091  50.5806  95.3630 100.00 incorrect
T32 RANDOM    41   49/ 75   0.0000   1.0000  31.0523  11.0305  11.8117  25.0132 125.4909 100.00 incorrect
T32 RANDOM    42    4/ 75   0.0000   1.0000  21.2981  10.5845  12.2467  10.9491 157.4946 100.00 incorrect
T32 RANDOM    43   12/ 75   0.0118   0.9831  53.4190  16.9160  18.4298  49.8243 149.2186 100.00 incorrect
T32 RANDOM    44   12/ 75   0.0000   1.0000  58.6810  17.8429  18.1618  55.3426 170.9573 100.00 incorrect
T32 RANDOM    45   23/ 75   0.0353   0.9062  20.3836   5.0461   5.7663  17.7760  64.0477 100.00 incorrect
T32 RANDOM    46    4/ 75   0.0000   1.0000  30.7628  11.9454  13.5132  24.2120 162.5635 100.00 incorrect
T32 RANDOM    47   16/ 75   0.0118   0.9815  31.3651   9.9762  10.9834  26.6377 105.6492 100.00 incorrect
T32 RANDOM    48   10/ 75   0.0000   1.0000  28.7838   9.4375  10.2722  27.0079  57.8749 100.00 incorrect
T32 RANDOM    49    9/ 75   0.0941   0.9036  33.3584  11.8185  13.2310  26.8845 157.1241 100.00 incorrect
T32 RANDOM    50   24/ 75   0.0000   1.0000  44.3771  15.5921  17.3047  40.8422 108.5634 100.00 incorrect
T32 RANDOM    51   29/ 75   0.1059   0.8732  32.8955   8.6858   9.2627  28.2329 109.4660 100.00 incorrect
T32 RANDOM    52   17/ 75   0.0000   1.0000  51.3707  16.8676  18.0005  47.9347 152.8222 100.00 incorrect
T32 RANDOM    53   12/ 75   0.1059   0.9011  33.0572  11.8837  13.2083  26.4692 157.9163 100.00 incorrect
T32 RANDOM    54   11/ 75   0.1529   0.8617  32.4295  10.7508  11.7169  26.7961 132.0753 100.00 incorrect
T32 RANDOM    55   54/ 75   0.0000   1.0000  43.5230  11.8852  12.8081  40.8710  97.8250 100.00 incorrect
T32 RANDOM    56   42/ 75   0.0118   0.9815  46.9307  11.1736  11.6766  44.4393 110.2896 100.00 incorrect
T32 RANDOM    57   11/ 75   0.0000   1.0000  26.8728   9.0818  10.0085  25.0387  57.0818 100.00 incorrect
T32 RANDOM    58  111/ 75   0.0000   1.0000  29.0137   9.4929  10.8791  22.5054 141.5441 100.00 clashes,incorrect
T32 RANDOM    59   47/ 75   0.0000   1.0000  37.3468  12.4035  13.6219  31.4097 169.2717 100.00 incorrect
T32 RANDOM    60   79/ 75   0.0000   1.0000  49.4310  13.8936  14.4763  45.8450 135.3392 100.00 clashes,incorrect
T32 RANDOM    61   14/ 75   0.1176   0.9010  31.1076  10.7960  11.9747  24.7238 137.2108 100.00 incorrect
T32 RANDOM    62   29/ 75   0.0588   0.9020  29.3371  10.2385  11.5464  23.0683 120.9102 100.00 incorrect
T32 RANDOM    63   68/ 75   0.0118   0.9877  35.9477  12.9061  14.3843  29.8140 151.5779 100.00 incorrect
T32 RANDOM    64   19/ 75   0.0118   0.9841  56.1306  15.4990  16.2127  52.1289 163.2746 100.00 incorrect
T32 RANDOM    65   41/ 75   0.2824   0.6250  18.5570   5.0798   5.8296  15.6777  59.4292 100.00 incorrect
T32 RANDOM    66   35/ 75   0.0353   0.9524  32.0244  12.0520  13.7502  24.9986 178.5648 100.00 incorrect
T32 RANDOM    67   41/ 75   0.0588   0.9333  29.2563  11.5661  13.4121  21.8086 151.3319 100.00 incorrect
T32 RANDOM    68  110/ 75   0.1059   0.9338  22.3269   9.4333  11.0390   9.6444 148.5141 100.00 clashes,incorrect
T32 RANDOM    69    8/ 75   0.1529   0.8452  31.5842  11.0914  12.3525  25.2418 140.7028 100.00 incorrect
T32 RANDOM    70   36/ 75   0.0000   1.0000  26.1934  10.6101  12.3851  19.8511 116.1718 100.00 incorrect
T32 RANDOM    71   16/ 75   0.0000   1.0000  37.6955  10.0527  11.0310  35.4709  79.0075 100.00 incorrect
T32 RANDOM    72   39/ 75   0.0000   1.0000  30.7953  11.8135  13.3164  23.3590 158.6606 100.00 incorrect
T32 RANDOM    73   43/ 75   0.0000   1.0000  68.4600  18.3900  18.3662  65.4075 156.6409 100.00 incorrect
T32 RANDOM    74   12/ 75   0.1647   0.8542  31.6487   9.6688  10.6236  27.0812 111.5718 100.00 incorrect
T32 RANDOM    75   23/ 75   0.0000   1.0000  39.8432  12.9119  13.6677  35.1060 169.2604 100.00 incorrect
T32 RANDOM    76   43/ 75   0.0000   1.0000  29.8275  11.4746  13.2663  22.2918 163.8512 100.00 incorrect
T32 RANDOM    77   30/ 75   0.0941   0.9101  33.9938   9.0053   9.5274  29.1689 114.6581 100.00 incorrect
T32 RANDOM    78    9/ 75   0.0588   0.9265  38.2676  10.4900  11.2498  34.9529 107.4686 100.00 incorrect
T32 RANDOM    79   32/ 75   0.0588   0.8980  31.3901  10.4809  11.5824  25.0673 129.4523 100.00 incorrect
T32 RANDOM    80   17/ 75   0.0000   1.0000  57.9520  15.7570  15.6440  55.7585 111.4268 100.00 incorrect
T32 RANDOM    81   64/ 75   0.0000   1.0000  60.1912  18.8014  18.4387  56.5893 174.1278 100.00 incorrect
T32 RANDOM    82   32/ 75   0.0118   0.9867  27.1274  11.0025  12.2794  18.8197 144.7190 100.00 incorrect
T32 RANDOM    83   12/ 75   0.0471   0.9535  13.4848   4.8614   5.7436  11.3912  41.2043 100.00 incorrect
T32 RANDOM    84   31/ 75   0.0941   0.8919  24.3372   9.9040  11.5106  16.7377 123.2785 100.00 incorrect
T32 RANDOM    85   16/ 75   0.0000   1.0000  62.7921  17.3036  16.7383  60.6066 104.2804 100.00 incorrect
T32 RANDOM    86   15/ 75   0.0000   1.0000  44.2543  13.6755  13.8642  42.3914  76.6513 100.00 incorrect
T32 RANDOM    87    8/ 75   0.1176   0.8864  32.0140  11.0346  12.2554  25.7004 140.0966 100.00 incorrect
T32 RANDOM    88    3/ 75   0.0118   0.9500  35.1207  12.4735  14.1221  28.8617 179.7710 100.00 incorrect
T32 RANDOM    89   41/ 75   0.1647   0.7846  11.1761   4.9710   6.0370   3.1530  64.9567 100.00 incorrect
T32 RANDOM    90    6/ 75   0.1412   0.8710  32.3644  11.0051  12.0634  26.4664 134.9629 100.00 incorrect
T32 RANDOM    91   20/ 75   0.0000   1.0000  22.1575  10.0587  11.4343  12.5317 126.3666 100.00 incorrect
T32 RANDOM    92   80/ 75   0.0000   1.0000  36.2167  13.1131  14.5967  29.7517 167.9026 100.00 clashes,incorrect
T32 RANDOM    93   26/ 75   0.0941   0.8519  23.9723   9.1901  10.5094  16.4293 114.7228 100.00 incorrect
T32 RANDOM    94   12/ 75   0.1176   0.8824  33.0570  11.5906  12.9733  26.7429 148.9146 100.00 incorrect
T32 RANDOM    95   89/ 75   0.0000   1.0000  34.5269  11.6665  12.6104  31.7278  82.2847 100.00 clashes,incorrect
T32 RANDOM    96   12/ 75   0.0000   1.0000  67.8946  19.9453  20.3884  66.0927 107.9506 100.00 incorrect
T32 RANDOM    97    8/ 75   0.1294   0.8804  31.4442  10.8894  12.1400  25.1910 136.5351 100.00 incorrect
T32 RANDOM    98   44/ 75   0.0824   0.9222  35.5823   9.9035  10.6240  30.0811 131.9993 100.00 incorrect
T32 RANDOM    99   32/ 75   0.0000   1.0000  54.0596  17.1889  18.4723  50.7265 150.4816 100.00 incorrect
T32 RANDOM   100    5/ 75   0.1059   0.8767  34.4708  10.7572  11.7029  29.6004 122.0083 100.00 incorrect
T32 RANDOM   101   72/ 75   0.1059   0.8966  32.9132  10.2720  11.3038  27.9781 120.7587 100.00 incorrect
T32 RANDOM   102   71/ 75   0.0000   1.0000  63.5225  18.5233  19.4147  60.7499 140.8732 100.00 incorrect
T32 RANDOM   103   13/ 75   0.0000   1.0000  70.8150  22.6779  23.2247  69.1420  94.6847 100.00 incorrect
T32 RANDOM   104   13/ 75   0.0235   0.9048  25.5639   9.0866  10.0673  18.5036 126.6563 100.00 incorrect
T32 RANDOM   105    7/ 75   0.0235   0.9798  42.2964  12.6917  13.7445  37.7781 156.5553 100.00 incorrect
T32 RANDOM   106   10/ 75   0.1059   0.8953  32.7821  11.1104  12.3059  26.8816 137.0986 100.00 incorrect
T32 RANDOM   107   21/ 75   0.0000   1.0000  51.9802  12.5339  13.1450  49.7390 109.0576 100.00 incorrect
T32 RANDOM   108   15/ 75   0.1059   0.9082  32.5762  11.7145  13.1118  25.9028 152.2307 100.00 incorrect
T32 RANDOM   109   66/ 75   0.0000   1.0000  35.7327  13.2071  14.9943  29.5076 178.7858 100.00 incorrect
T32 RANDOM   110   23/ 75   0.1294   0.8000  11.6744   4.6626   5.4366   8.0847  48.3450 100.00 incorrect
T32 RANDOM   111   14/ 75   0.0941   0.9121  32.5379  11.9232  13.4348  25.5907 162.1730 100.00 incorrect
T32 RANDOM   112   11/ 75   0.0000   1.0000  43.8934  15.3208  16.4884  41.0914 106.4362 100.00 incorrect
T32 RANDOM   113    8/ 75   0.1294   0.8590  35.0900  10.0716  10.9364  31.2702 107.4888 100.00 incorrect
T32 RANDOM   114   10/ 75   0.0941   0.9059  31.6183  10.8587  12.1290  25.4512 136.6584 100.00 incorrect
T32 RANDOM   115    8/ 75   0.1294   0.8590  35.0900  10.0716  10.9364  31.2702 107.4888 100.00 incorrect
T32 RANDOM   116   57/ 75   0.0000   1.0000  60.3401  18.3956  18.4037  59.9890  37.7900 100.00 incorrect
T32 RANDOM   117    9/ 75   0.1059   0.9032  32.8142  11.9367  13.3097  25.9828 161.1945 100.00 incorrect
T32 RANDOM   118   47/ 75   0.0941   0.9059  32.1469  11.5280  12.9307  25.4566 155.5960 100.00 incorrect
T32 RANDOM   119   17/ 75   0.0000   1.0000  51.3689  15.8121  17.0637  47.1470 152.8453 100.00 incorrect
T32 RANDOM   120   22/ 75   0.0471   0.9184  23.9858  10.1955  12.1387  15.0252 139.1129 100.00 incorrect
T32 RANDOM   121   63/ 75   0.0000   1.0000  54.7365  15.3863  15.4515  53.2724  84.6493 100.00 incorrect
T32 RANDOM   122   33/ 75   0.0000   1.0000  53.1696  16.2369  14.8622  49.7083 139.0638 100.00 incorrect
T32 RANDOM   123    8/ 75   0.1412   0.8636  34.2732  10.6696  11.5515  29.4665 121.3387 100.00 incorrect
T32 RANDOM   124   14/ 75   0.1176   0.9010  31.1076  10.7960  11.9747  24.7238 137.2108 100.00 incorrect
T32 RANDOM   125   13/ 75   0.0000   1.0000  34.9534  12.8996  14.6236  29.6772 129.0339 100.00 incorrect
T32 RANDOM   126   13/ 75   0.1294   0.8830  32.2193  11.5558  12.8375  25.6008 149.7466 100.00 incorrect
T32 RANDOM   127    5/ 75   0.1176   0.8765  31.2618  11.3955  12.8063  24.2768 151.7637 100.00 incorrect
T32 RANDOM   128    9/ 75   0.1176   0.8958  32.8641  11.7724  13.1808  26.3515 153.4256 100.00 incorrect
T32 RANDOM   129   38/ 75   0.0000   1.0000  21.4128   7.5353   8.0442  19.0194  56.7576 100.00 incorrect
T32 RANDOM   130   17/ 75   0.0000   1.0000  42.6539  11.9805  12.7704  40.1866  88.5763 100.00 incorrect
T32 RANDOM   131   26/ 75   0.0000   1.0000  22.5672  10.5133  12.0786  16.2805 110.8858 100.00 incorrect
T32 RANDOM   132   60/ 75   0.0000   1.0000  18.2027   9.0812  10.8598   6.6275 116.0114 100.00 incorrect
T32 RANDOM   133   41/ 75   0.0000   1.0000  53.6148  14.0769  14.1374  51.3524 117.0027 100.00 incorrect
T32 RANDOM   134   12/ 75   0.0824   0.9293  33.0118  11.8408  13.2869  26.3467 158.2247 100.00 incorrect
T32 RANDOM   135   26/ 75   0.0000   1.0000  31.1712  11.7035  13.0913  23.8150 163.0480 100.00 incorrect
T32 RANDOM   136   36/ 75   0.1294   0.8764  25.8332  10.3351  12.0415  18.4334 132.2707 100.00 incorrect
T32 RANDOM   137    8/ 75   0.1059   0.9022  31.1552  11.4658  12.9443  24.1205 152.8419 100.00 incorrect
T32 RANDOM   138   26/ 75   0.0118   0.9836  34.5105  10.2568  11.4456  29.4668 125.0350 100.00 incorrect
T32 RANDOM   139   15/ 75   0.0000   1.0000  40.1045  14.5264  16.1501  36.5187 125.8408 100.00 incorrect
T32 RANDOM   140   15/ 75   0.0000   1.0000  54.4127  19.5251  20.6042  51.1830 122.1755 100.00 incorrect
T32 RANDOM   141   14/ 75   0.0941   0.9121  32.8272  11.7015  13.1389  26.3397 153.9031 100.00 incorrect
T32 RANDOM   142   24/ 75   0.4941   0.3226   8.9480   2.0162   2.2726   7.6674  26.3238 100.00 acceptable
T32 RANDOM   143   13/ 75   0.1176   0.8947  32.0413  11.5336  12.9510  25.2098 153.6069 100.00 incorrect
T32 RANDOM   144    7/ 75   0.1412   0.8636  30.6290  10.2099  11.2455  25.0414 124.4381 100.00 incorrect
T32 RANDOM   145   33/ 75   0.1059   0.8636  21.4569   8.4353   9.6269  15.1301  95.8310 100.00 incorrect
T32 RANDOM   146   15/ 75   0.0000   1.0000  51.3008  16.4185  17.6292  46.9272 179.4377 100.00 incorrect
T32 RANDOM   147    8/ 75   0.0588   0.9306  27.2812  11.1447  12.9136  19.3606 142.3052 100.00 incorrect
T32 RANDOM   148    9/ 75   0.1765   0.7887  30.3075   8.2265   8.9534  27.4867  83.4052 100.00 incorrect
T32 RANDOM   149    8/ 75   0.0000   1.0000  57.7956  18.0841  19.4497  55.2053 116.0865 100.00 incorrect
T32 RANDOM   150   75/ 75   0.0000   1.0000  31.2929   9.8824  10.6084  29.6541  58.7078 100.00 incorrect
T32 RANDOM   151   60/ 75   0.0000   1.0000  61.4508  17.3168  17.0210  58.4005 154.5455 100.00 incorrect
T32 RANDOM   152    9/ 75   0.1176   0.8913  31.9683  11.6647  13.0624  25.0424 155.7147 100.00 incorrect
T32 RANDOM   153    9/ 75   0.1294   0.8764  31.9950  10.8857  11.9904  26.0469 134.0175 100.00 incorrect
T32 RANDOM   154   48/ 75   0.0118   0.9800  46.6570  11.9846  11.6492  42.9003 143.6544 100.00 incorrect
T32 RANDOM   155    4/ 75   0.2235   0.7654  29.1983   8.3317   9.0014  25.6680  90.3377 100.00 incorrect
T32 RANDOM   156   27/ 75   0.0000   1.0000  29.0836  10.7580  11.8649  23.2278 114.8287 100.00 incorrect
T32 RANDOM   157   18/ 75   0.0000   1.0000  56.5504  18.0067  17.8620  54.4999  92.4112 100.00 incorrect
T32 RANDOM   158   27/ 75   0.0824   0.8889  16.0369   4.7584   5.1975  13.8278  45.9781 100.00 incorrect
T32 RANDOM   159  111/ 75   0.0235   0.9844  16.8497   7.2145   8.0551  13.4833  61.3189 100.00 clashes,incorrect
T32 RANDOM   160    9/ 75   0.1059   0.8767  33.0685  11.9268  13.3609  26.3539 159.0768 100.00 incorrect
T32 RANDOM   161   16/ 75   0.1059   0.8941  33.1229  11.7221  13.0823  26.7725 150.5633 100.00 incorrect
T32 RANDOM   162   10/ 75   0.0000   1.0000  51.5228  18.4251  19.9164  47.0851 162.2281 100.00 incorrect
T32 RANDOM   163   59/ 75   0.0000   1.0000  35.2532  12.5248  13.7794  30.8038 111.1141 100.00 incorrect
T32 RANDOM   164    8/ 75   0.1059   0.8989  32.5015  11.6656  13.1154  25.7735 157.2495 100.00 incorrect
T32 RANDOM   165    7/ 75   0.1059   0.8929  32.5645  11.8436  13.2225  25.7722 158.1166 100.00 incorrect
T32 RANDOM   166   15/ 75   0.1294   0.8778  32.2547  11.7521  13.1646  25.4304 157.3399 100.00 incorrect
T32 RANDOM   167    8/ 75   0.1529   0.8725  33.6953  10.0027  10.8647  29.3525 114.3745 100.00 incorrect
T32 RANDOM   168   26/ 75   0.0000   1.0000  62.9671  21.1927  21.9516  62.5523  43.6608 100.00 incorrect
T32 RANDOM   169   73/ 75   0.0000   1.0000  19.9738   9.5783  11.2608  12.6955 101.2895 100.00 incorrect
T32 RANDOM   170   11/ 75   0.1059   0.8916  31.9609  11.0433  12.1672  25.7675 137.4568 100.00 incorrect
T32 RANDOM   171   45/ 75   0.0471   0.9474  24.0068  10.5034  12.2849  12.4412 167.6004 100.00 incorrect
T32 RANDOM   172   27/ 75   0.0588   0.9333  16.3581   6.5677   7.5115   9.5285  81.2544 100.00 incorrect
T32 RANDOM   173   31/ 75   0.0706   0.8776  26.0904  10.8353  12.7143  16.5982 153.1922 100.00 incorrect
T32 RANDOM   174    6/ 75   0.1176   0.8649  35.1785  10.9305  11.8424  30.4675 122.6147 100.00 incorrect
T32 RANDOM   175   12/ 75   0.0000   1.0000  64.6779  22.1049  22.6762  63.8093  61.8424 100.00 incorrect
T32 RANDOM   176   41/ 75   0.0000   1.0000  42.5702  10.7031  11.4342  40.5625  88.7253 100.00 incorrect
T32 RANDOM   177   60/ 75   0.0000   1.0000  63.4240  19.9361  20.6637  60.0181 170.3348 100.00 incorrect
T32 RANDOM   178   12/ 75   0.0000   1.0000  45.3164  16.7786  18.1390  41.4592 119.1497 100.00 incorrect
T32 RANDOM   179    6/ 75   0.1294   0.8642  34.4605  10.7157  11.6642  29.6193 122.9093 100.00 incorrect
T32 RANDOM   180   43/ 75   0.0000   1.0000  49.7651  13.0460  12.4882  45.7000 168.1317 100.00 incorrect
T32 RANDOM   181    7/ 75   0.0706   0.9259  33.0093  11.8296  13.2704  26.4368 158.0939 100.00 incorrect
T32 RANDOM   182   11/ 75   0.1176   0.8824  32.9985  11.6636  12.9115  26.6374 151.5294 100.00 incorrect
T32 RANDOM   183   17/ 75   0.0588   0.9545  33.7526   9.9088  10.7598  27.3906 142.7417 100.00 incorrect
T32 RANDOM   184   47/ 75   0.0000   1.0000  47.8731  11.6002  11.9607  44.8157 113.7554 100.00 incorrect
T32 RANDOM   185   37/ 75   0.0471   0.9535  40.2912  12.8572  14.0984  35.2415 158.2219 100.00 incorrect
T32 RANDOM   186   36/ 75   0.0000   1.0000  37.2277  12.1714  12.5670  31.4505 160.7051 100.00 incorrect
T32 RANDOM   187   14/ 75   0.0000   1.0000  29.0070  10.0595  11.0044  28.8708  11.3963 100.00 incorrect
T32 RANDOM   188   48/ 75   0.0000   1.0000  27.4214  10.9325  12.8767  18.8696 177.5887 100.00 incorrect
T32 RANDOM   189   68/ 75   0.0000   1.0000  18.5164   7.5492   8.5929  12.7261  82.1642 100.00 incorrect
T32 RANDOM   190   27/ 75   0.0000   1.0000  44.8471  14.2473  15.5929  40.0413 157.6706 100.00 incorrect
T32 RANDOM   191   26/ 75   0.0471   0.9259  28.8589   6.8628   7.4179  27.0256  65.3104 100.00 incorrect
T32 RANDOM   192   10/ 75   0.1412   0.8737  31.7092  10.3177  11.3443  26.3848 125.1789 100.00 incorrect
T32 RANDOM   193    5/ 75   0.0824   0.9067  31.3449  11.1807  12.5048  24.6094 144.9235 100.00 incorrect
T32 RANDOM   194   55/ 75   0.0941   0.9140  21.3333   8.9569  10.4323  13.6697 107.9687 100.00 incorrect
T32 RANDOM   195   12/ 75   0.1882   0.8140  32.5869  10.1182  10.9509  27.8310 114.9181 100.00 incorrect
T32 RANDOM   196   48/ 75   0.0000   1.0000  32.5697   9.1443   9.8487  28.8538  95.4270 100.00 incorrect
T32 RANDOM   197   19/ 75   0.2000   0.4333  10.3923   2.5795   3.0201   8.7790  33.0318 100.00 acceptable
T32 RANDOM   198    7/ 75   0.0235   0.9798  42.2964  12.6917  13.7445  37.7781 156.5553 100.00 incorrect
T32 RANDOM   199   42/ 75   0.1294   0.8136  28.3324   7.3823   8.0268  25.9159  73.6034 100.00 incorrect
T32 RANDOM   200   53/ 75   0.0000   1.0000  52.6471  15.3928  16.4177  49.6493 149.8549 100.00 incorrect
T32 RANDOM   201   43/ 75   0.0118   0.9859  21.7714   8.0675   8.7368  14.6732 110.0776 100.00 incorrect
T32 RANDOM   202   14/ 75   0.0000   1.0000  28.0781  10.6888  11.9038  19.9076 159.6437 100.00 incorrect
T32 RANDOM   203    9/ 75   0.1294   0.8736  32.3332  10.9858  12.1035  26.2568 138.3730 100.00 incorrect
T32 RANDOM   204   47/ 75   0.0000   1.0000  63.9040  20.9548  21.5172  63.0789  64.7998 100.00 incorrect
T32 RANDOM   205   43/ 75   0.1176   0.8387  27.1976   9.8495  11.1747  20.6882 115.4467 100.00 incorrect
T32 RANDOM   206   13/ 75   0.0000   1.0000  38.9338  10.8340  11.6916  34.7996 113.0776 100.00 incorrect
T32 RANDOM   207   35/ 75   0.1059   0.8085  25.9970   8.4093   9.3410  20.4059 100.4346 100.00 incorrect
T32 RANDOM   208   10/ 75   0.0588   0.9342  37.3423  11.2723  12.2803  32.8060 129.0910 100.00 incorrect
T32 RANDOM   209   20/ 75   0.0000   1.0000  46.0324  13.0229  13.4770  41.6936 141.3032 100.00 incorrect
T32 RANDOM   210   22/ 75   0.0588   0.8611  38.1626   9.9280  10.5836  35.7309  92.1109 100.00 incorrect
T32 RANDOM   211   45/ 75   0.0000   1.0000  26.0596  10.3062  11.4769  18.0379 138.5057 100.00 incorrect
T32 RANDOM   212    5/ 75   0.1176   0.8551  32.7553   9.9155  10.7834  28.4618 108.2167 100.00 incorrect
T32 RANDOM   213   12/ 75   0.1294   0.8778  31.8954  11.5295  12.9462  25.2179 151.2090 100.00 incorrect
T32 RANDOM   214   31/ 75   0.0118   0.9861  42.3343  11.3898  12.2247  38.6815 127.0215 100.00 incorrect
T32 RANDOM   215    6/ 75   0.1176   0.8684  34.3333  10.1033  11.0003  30.2804 108.6523 100.00 incorrect
T32 RANDOM   216   14/ 75   0.0000   1.0000  63.3464  20.3204  21.5029  60.4032 132.2886 100.00 incorrect
T32 RANDOM   217   16/ 75   0.0000   1.0000  50.2817  16.6164  17.7920  46.4784 134.0203 100.00 incorrect
T32 RANDOM   218   44/ 75   0.0824   0.8704  31.2120  10.7746  12.1349  25.3591 121.9289 100.00 incorrect
T32 RANDOM   219  101/ 75   0.0000   1.0000  25.3681   8.5861   9.4081  23.8644  50.1610 100.00 clashes,incorrect
T32 RANDOM   220   10/ 75   0.1882   0.8222  32.2233   9.8369  10.7885  27.6618 110.7404 100.00 incorrect
T32 RANDOM   221    9/ 75   0.1294   0.8553  34.6038  10.8171  11.7626  29.7228 124.0457 100.00 incorrect
T32 RANDOM   222    7/ 75   0.1059   0.8750  33.9459  10.7821  11.7600  28.9621 122.9527 100.00 incorrect
T32 RANDOM   223   17/ 75   0.0000   1.0000  42.5647  15.9552  17.2261  38.9181 120.0676 100.00 incorrect
T32 RANDOM   224   11/ 75   0.0000   1.0000  55.4563  15.5741  15.6719  51.4859 156.7021 100.00 incorrect
T32 RANDOM   225   19/ 75   0.0000   1.0000  44.5460  11.4105  11.6092  40.8553 116.8017 100.00 incorrect
T32 RANDOM   226   29/ 75   0.1765   0.7059  20.6471   6.3770   7.0665  16.7553  70.3596 100.00 incorrect
T32 RANDOM   227   64/ 75   0.0000   1.0000  57.3757  13.5754  12.9584  53.7822 155.8251 100.00 incorrect
T32 RANDOM   228    5/ 75   0.0471   0.9355  28.1807  11.2144  12.9175  20.5488 142.2000 100.00 incorrect
T32 RANDOM   229  109/ 75   0.0000   1.0000  17.3082   7.2429   7.9169  13.3491  67.8106 100.00 clashes,incorrect
T32 RANDOM   230   20/ 75   0.0588   0.9038  18.4131   8.0114   9.4698   6.1063 116.9751 100.00 incorrect
T32 RANDOM   231   49/ 75   0.0000   1.0000  35.0697  12.1682  13.4615  31.5523  95.1319 100.00 incorrect
T32 RANDOM   232   14/ 75   0.1059   0.9109  32.2538  11.6634  13.0262  25.5972 153.1542 100.00 incorrect
T32 RANDOM   233   15/ 75   0.0000   1.0000  29.7503  10.7639  11.9588  23.7913 120.0903 100.00 incorrect
T32 RANDOM   234   10/ 75   0.0941   0.9059  31.6183  10.8587  12.1290  25.4512 136.6584 100.00 incorrect
T32 RANDOM   235   56/ 75   0.0000   1.0000  30.9502  12.7581  14.3297  27.4836  97.1863 100.00 incorrect
T32 RANDOM   236    8/ 75   0.1294   0.8750  36.2480  11.0637  12.0264  31.5744 126.5637 100.00 incorrect
T32 RANDOM   237   38/ 75   0.1059   0.8475  23.9838   9.3675  10.7402  16.1623 117.8811 100.00 incorrect
T32 RANDOM   238    5/ 75   0.1294   0.8778  30.8390  10.8691  12.1401  24.3548 134.2864 100.00 incorrect
T32 RANDOM   239    7/ 75   0.1882   0.7975  30.2533   8.2512   8.8604  27.0499  87.5213 100.00 incorrect
T32 RANDOM   240   15/ 75   0.0000   1.0000  72.3108  21.6319  22.3059  70.7755  99.2706 100.00 incorrect
T32 RANDOM   241   18/ 75   0.0000   1.0000  64.2230  20.5828  20.7677  62.6185  86.7784 100.00 incorrect
T32 RANDOM   242   27/ 75   0.2471   0.5116  10.4975   2.8157   3.3453   9.3791  26.8208 100.00 acceptable
T32 RANDOM   243    6/ 75   0.1765   0.8295  32.3021   9.8656  10.7050  27.6936 112.8966 100.00 incorrect
T32 RANDOM   244   30/ 75   0.0941   0.8824  33.1665  11.9764  13.5719  26.3589 162.7980 100.00 incorrect
T32 RANDOM   245    6/ 75   0.0000   1.0000  74.9063  20.5351  20.5090  73.2250 109.2893 100.00 incorrect
T32 RANDOM   246   48/ 75   0.0000   1.0000  62.4159  19.9075  20.7629  60.6993  93.1833 100.00 incorrect
T32 RANDOM   247    9/ 75   0.1059   0.9000  32.0406  11.1802  12.4922  25.6741 141.0009 100.00 incorrect
T32 RANDOM   248   72/ 75   0.0000   1.0000  53.9523  13.8296  14.1221  51.6436 109.8059 100.00 incorrect
T32 RANDOM   249   13/ 75   0.1412   0.8710  32.2451  10.8451  11.9186  26.5056 132.7425 100.00 incorrect
T32 RANDOM   250   49/ 75   0.0000   1.0000  52.9453  14.8123  15.0389  51.2003  94.3081 100.00 incorrect
T32 RANDOM   251   25/ 75   0.0000   1.0000  40.6299  13.1304  13.9665  36.0098 178.4599 100.00 incorrect
T32 RANDOM   252   35/ 75   0.0941   0.8873  24.0644   9.6910  11.2161  16.6821 119.2012 100.00 incorrect
T32 RANDOM   253   31/ 75   0.0000   1.0000  46.1936  14.1559  14.9154  43.1084 105.3185 100.00 incorrect
T32 RANDOM   254   12/ 75   0.0471   0.9481  39.4682  11.6452  12.6549  35.1148 134.6747 100.00 incorrect
T32 RANDOM   255   19/ 75   0.0000   1.0000  55.4956  18.0780  19.6261  52.8699 125.3392 100.00 incorrect
T32 RANDOM   256   70/ 75   0.0118   0.9902  38.2370  11.2580  12.2102  32.3733 155.1993 100.00 incorrect
T32 RANDOM   257   12/ 75   0.0000   1.0000  42.0024  14.0675  15.7479  36.8494 164.0036 100.00 incorrect
T32 RANDOM   258   70/ 75   0.0000   1.0000  32.0323  11.0845  12.4193  25.9426 179.5154 100.00 incorrect
T32 RANDOM   259   61/ 75   0.0118   0.9877  36.2645   8.5008   9.0409  33.6822  86.8505 100.00 incorrect
T32 RANDOM   260   10/ 75   0.0353   0.9500  36.8081  10.7678  11.7125  32.9407 111.0113 100.00 incorrect
T32 RANDOM   261   31/ 75   0.0000   1.0000  61.3310  16.4432  17.4161  59.2661 113.7355 100.00 incorrect
T32 RANDOM   262    4/ 75   0.1412   0.8537  27.8406   7.4080   7.9450  25.2759  74.4587 100.00 incorrect
T32 RANDOM   263   17/ 75   0.0824   0.9067  35.3322   9.6883  10.1477  30.5739 114.1966 100.00 incorrect
T32 RANDOM   264   16/ 75   0.0000   1.0000  38.5584  11.3585  12.0824  38.0640  34.1862 100.00 incorrect
T32 RANDOM   265   37/ 75   0.0353   0.9552  35.8381  11.5887  12.7879  30.5615 142.4640 100.00 incorrect
T32 RANDOM   266   34/ 75   0.0824   0.9186  22.5392   6.5252   7.3659  16.5494  96.1981 100.00 incorrect
T32 RANDOM   267   34/ 75   0.0000   1.0000  24.2668   8.4608   9.2506  22.4542  52.4138 100.00 incorrect
T32 RANDOM   268   60/ 75   0.0000   1.0000  23.2630   9.8061  11.0178  13.3746 157.5681 100.00 incorrect
T32 RANDOM   269   15/ 75   0.0000   1.0000  47.0640  14.8353  14.9994  43.1344 130.8522 100.00 incorrect
T32 RANDOM   270   21/ 75   0.0000   1.0000  59.3134  16.8827  16.8680  56.1933 132.3648 100.00 incorrect
T32 RANDOM   271   22/ 75   0.0824   0.8971  32.6184  11.9277  13.4965  25.6730 164.8826 100.00 incorrect
T32 RANDOM   272    9/ 75   0.1059   0.9062  33.3832  11.7419  13.1058  26.9544 152.1836 100.00 incorrect
T32 RANDOM   273    7/ 75   0.0000   1.0000  28.2233   9.2139  10.0793  26.4305  58.3114 100.00 incorrect
T32 RANDOM   274    8/ 75   0.1176   0.8936  30.9492  10.8927  12.2080  24.3915 141.7058 100.00 incorrect
T32 RANDOM   275   65/ 75   0.0706   0.9394  35.3494   8.7378   9.5071  31.1823 117.7458 100.00 incorrect
T32 RANDOM   276    9/ 75   0.0000   1.0000  55.6955  18.5555  19.1870  54.7537  59.4343 100.00 incorrect
T32 RANDOM   277   25/ 75   0.0000   1.0000  21.5629  10.3097  12.2465  13.6017 111.2661 100.00 incorrect
T32 RANDOM   278   42/ 75   0.0000   1.0000  53.3513  14.1509  14.6932  51.2966 108.2379 100.00 incorrect
T32 RANDOM   279    5/ 75   0.1765   0.8438  33.4068  10.0583  10.9249  28.8110 117.9599 100.00 incorrect
T32 RANDOM   280   43/ 75   0.0118   0.9859  31.2678   9.8000   9.8758  28.5114  79.2903 100.00 incorrect
T32 RANDOM   281   12/ 75   0.1059   0.8953  32.5356  11.9399  13.3530  25.6777 158.7189 100.00 incorrect
T32 RANDOM   282   73/ 75   0.0000   1.0000  61.8731  19.5392  20.3364  60.0191  98.3923 100.00 incorrect
T32 RANDOM   283   50/ 75   0.0000   1.0000  30.9354  11.0063  11.7914  24.8678 125.4909 100.00 incorrect
T32 RANDOM   284    8/ 75   0.1176   0.8925  31.2495  10.9760  12.3075  24.7914 140.7296 100.00 incorrect
T32 RANDOM   285   13/ 75   0.1176   0.8969  32.3098  11.6399  13.0925  25.5406 156.3046 100.00 incorrect
T32 RANDOM   286   57/ 75   0.0471   0.9565  38.9275  10.6807  11.3507  33.6075 141.3663 100.00 incorrect
T32 RANDOM   287  100/ 75   0.0941   0.9245  35.0012  11.7683  13.0693  29.2592 149.9595 100.00 clashes,incorrect
T32 RANDOM   288   33/ 75   0.1529   0.8030  22.3367   5.3392   5.4909  19.9075  58.1217 100.00 incorrect
T32 RANDOM   289   28/ 75   0.0000   1.0000  58.6061  19.2319  20.1061  55.0078 167.6768 100.00 incorrect
T32 RANDOM   290   58/ 75   0.0000   1.0000  48.7692  13.5102  13.2893  44.9958 129.7198 100.00 incorrect
T32 RANDOM   291   10/ 75   0.1059   0.9043  31.2616  10.9600  12.3342  24.8408 139.9148 100.00 incorrect
T32 RANDOM   292   24/ 75   0.0353   0.9455  27.9859  10.8756  12.5469  20.8491 138.6364 100.00 incorrect
T32 RANDOM   293   23/ 75   0.0118   0.9833  37.7367  12.8999  14.4591  31.9209 177.0619 100.00 incorrect
T32 RANDOM   294   30/ 75   0.0000   1.0000  20.0108   9.8891  11.6550   5.9482 162.6221 100.00 incorrect
T32 RANDOM   295    8/ 75   0.1176   0.8936  30.9492  10.8927  12.2080  24.3915 141.7058 100.00 incorrect
T32 RANDOM   296   50/ 75   0.0000   1.0000  45.9074  14.1026  15.3700  43.9876  81.6490 100.00 incorrect
T32 RANDOM   297   35/ 75   0.0000   1.0000  20.5871  10.4078  11.9450   9.0714 167.2108 100.00 incorrect
T32 RANDOM   298    9/ 75   0.1176   0.8649  33.5051   9.9585  10.8961  29.0847 112.6054 100.00 incorrect
T32 RANDOM   299   29/ 75   0.0118   0.9878  44.2016  11.6137  12.4367  40.8118 127.2428 100.00 incorrect
T32 RANDOM   300   37/ 75   0.0000   1.0000  61.0711  15.9677  15.7511  59.1301  98.7585 100.00 incorrect
T32 RANDOM   301   34/ 75   0.0118   0.9846  29.4089  11.4896  12.8785  21.4984 158.6606 100.00 incorrect
T32 RANDOM   302    6/ 75   0.0706   0.9104  29.1523  11.5143  13.1149  21.6642 147.2368 100.00 incorrect
T32 RANDOM   303    6/ 75   0.1294   0.8590  31.9284   9.3494  10.2149  27.9886 100.4757 100.00 incorrect
T32 RANDOM   304   12/ 75   0.0000   1.0000  28.5766  10.3255  11.6480  22.9154 113.4876 100.00 incorrect
T32 RANDOM   305   10/ 75   0.1176   0.8750  32.6629  11.7750  13.1313  26.0461 156.0682 100.00 incorrect
T32 RANDOM   306   11/ 75   0.0941   0.9130  32.3802  11.6180  12.9262  25.8947 150.5471 100.00 incorrect
T32 RANDOM   307   12/ 75   0.1647   0.8333  32.2002   9.1229   9.9188  28.4980  99.5358 100.00 incorrect
T32 RANDOM   308    7/ 75   0.1176   0.8684  31.0399   9.3280  10.2681  26.8106 103.0326 100.00 incorrect
T32 RANDOM   309    4/ 75   0.2118   0.7500  29.5282   8.1918   8.8265  26.1780  88.5117 100.00 incorrect
T32 RANDOM   310   53/ 75   0.0000   1.0000  30.4785  12.2924  14.1019  24.1757 139.0946 100.00 incorrect
T32 RANDOM   311   73/ 75   0.0000   1.0000  34.9865  12.8362  14.6374  30.3740 115.3942 100.00 incorrect
T32 RANDOM   312   71/ 75   0.0000   1.0000  26.5872  11.0756  12.9661  18.0531 151.4921 100.00 incorrect
T32 RANDOM   313   11/ 75   0.1059   0.9011  33.5133  11.9181  13.2723  27.0044 158.9853 100.00 incorrect
T32 RANDOM   314   62/ 75   0.0000   1.0000  28.1169  12.0071  13.4184  25.2335  79.5290 100.00 incorrect
T32 RANDOM   315   36/ 75   0.0588   0.9153  28.3591  10.7705  12.5787  19.4829 158.7145 100.00 incorrect
T32 RANDOM   316   13/ 75   0.1412   0.8636  33.3916  10.2308  11.1326  28.7352 115.8275 100.00 incorrect
T32 RANDOM   317   24/ 75   0.1059   0.8043  19.1392   8.6634  10.2045   5.2146 126.9769 100.00 incorrect
T32 RANDOM   318   14/ 75   0.0000   1.0000  47.6095  12.1521  11.8964  43.8779 125.7031 100.00 incorrect
T32 RANDOM   319   81/ 75   0.0118   0.9892  44.5550  11.4153  12.2113  41.1656 129.8968 100.00 clashes,incorrect
T32 RANDOM   320    9/ 75   0.1059   0.9062  32.2998  11.6739  13.1159  25.5973 156.5058 100.00 incorrect
T32 RANDOM   321   36/ 75   0.0118   0.9848  38.9205  12.9736  14.4603  33.4441 168.2192 100.00 incorrect
T32 RANDOM   322    8/ 75   0.0941   0.9140  33.7485  12.0249  13.4780  27.2818 161.1967 100.00 incorrect
T32 RANDOM   323   41/ 75   0.1176   0.8333  18.5253   8.6071  10.0164   3.5556 121.6869 100.00 incorrect
T32 RANDOM   324    6/ 75   0.0000   1.0000  31.7202  10.2863  11.1809  29.2348  72.6790 100.00 incorrect
T32 RANDOM   325   85/ 75   0.0000   1.0000  63.5375  15.9713  15.2616  60.2490 173.1984 100.00 clashes,incorrect
T32 RANDOM   326    1/ 75   0.0000   1.0000  49.9355  13.7190  14.1417  47.9626  95.8454 100.00 incorrect
T32 RANDOM   327    5/ 75   0.1176   0.8750  29.4717   7.7493   8.4224  26.7135  80.3779 100.00 incorrect
T32 RANDOM   328   14/ 75   0.0000   1.0000  27.4955  11.3480  12.6872  19.1309 143.6894 100.00 incorrect
T32 RANDOM   329   22/ 75   0.0000   1.0000  32.8310   9.2478   9.9790  29.1485  95.4269 100.00 incorrect
T32 RANDOM   330   11/ 75   0.1176   0.8765  30.8695  10.4732  11.5387  24.8915 130.6003 100.00 incorrect
T32 RANDOM   331   13/ 75   0.0000   1.0000  35.9220  14.1617  15.7089  29.3371 165.7542 100.00 incorrect
T32 RANDOM   332   16/ 75   0.0353   0.9605  22.2539  10.8257  12.4920   9.6692 171.9906 100.00 incorrect
T32 RANDOM   333   20/ 75   0.0000   1.0000  68.2651  18.0314  17.4691  65.0275 157.5782 100.00 incorrect
T32 RANDOM   334    6/ 75   0.0941   0.9036  30.5966  11.3449  12.8570  23.3807 155.1597 100.00 incorrect
T32 RANDOM   335   13/ 75   0.1059   0.9100  31.8875  11.5726  13.0704  25.0137 154.6284 100.00 incorrect
T32 RANDOM   336   12/ 75   0.1176   0.8947  31.4141  11.5876  13.0254  24.3028 157.7785 100.00 incorrect
T32 RANDOM   337   12/ 75   0.0824   0.9278  33.0993  11.9224  13.2594  26.4408 159.4054 100.00 incorrect
T32 RANDOM   338   12/ 75   0.0588   0.9324  36.6031  11.1577  12.1175  31.9673 127.4478 100.00 incorrect
T32 RANDOM   339   21/ 75   0.6000   0.2031   5.7601   1.6743   2.1280   4.8403  18.1928 100.00 medium
T32 RANDOM   340   28/ 75   0.2353   0.5833  17.5324   4.1045   4.7619  15.6152  49.4296 100.00 incorrect
T32 RANDOM   341   11/ 75   0.2000   0.8247  31.7515   9.7275  10.6322  27.0633 113.5816 100.00 incorrect
T32 RANDOM   342   33/ 75   0.1412   0.7818  27.2109   6.8922   7.5186  24.5214  76.8450 100.00 incorrect
T32 RANDOM   343    2/ 75   0.0000   1.0000  20.4347  10.4362  11.8482   9.2450 157.8701 100.00 incorrect
T32 RANDOM   344   28/ 75   0.0941   0.8621  25.4103  10.3906  12.3049  17.1237 141.5798 100.00 incorrect
T32 RANDOM   345   40/ 75   0.0000   1.0000  42.5768  12.8408  12.9822  37.5683 163.9630 100.00 incorrect
T32 RANDOM   346   94/ 75   0.0000   1.0000  60.8285  19.4596  20.2846  58.2041 119.7516 100.00 clashes,incorrect
T32 RANDOM   347    9/ 75   0.1529   0.8523  31.0630  10.4156  11.3536  25.4043 126.9710 100.00 incorrect
T32 RANDOM   348   35/ 75   0.0000   1.0000  23.8679   8.1632   9.0556  22.2822  51.7575 100.00 incorrect
T32 RANDOM   349   17/ 75   0.0118   0.9630  18.1759   5.7190   6.2731  17.0953  34.8483 100.00 incorrect
T32 RANDOM   350   78/ 75   0.0000   1.0000  26.8160  11.1396  13.0303  18.1364 158.2462 100.00 clashes,incorrect
T32 RANDOM   351   69/ 75   0.0941   0.9048  33.8660  12.1601  13.7775  27.1500 166.0951 100.00 incorrect
T32 RANDOM   352   12/ 75   0.1882   0.8140  32.5869  10.1182  10.9509  27.8310 114.9181 100.00 incorrect
T32 RANDOM   353   54/ 75   0.0000   1.0000  55.4046  14.3375  13.9064  54.0105  73.7681 100.00 incorrect
T32 RANDOM   354   22/ 75   0.0000   1.0000  57.8030  18.3135  18.2310  54.0900 152.9551 100.00 incorrect
T32 RANDOM   355    8/ 75   0.1294   0.8553  31.6747  10.3529  11.3818  26.2066 126.3430 100.00 incorrect
T32 RANDOM   356   16/ 75   0.0000   1.0000  48.5294  17.7865  19.2327  45.1363 118.7236 100.00 incorrect
T32 RANDOM   357   13/ 75   0.0000   1.0000  66.1353  18.7444  18.7535  63.1168 147.3097 100.00 incorrect
T32 RANDOM   358   14/ 75   0.1059   0.9091  32.7846  11.7312  13.1627  26.2344 154.5999 100.00 incorrect
T32 RANDOM   359   12/ 75   0.0000   1.0000  27.6868  10.5180  12.0164  23.1626  97.6126 100.00 incorrect
T32 RANDOM   360    8/ 75   0.1412   0.8681  31.6633  10.2884  11.3176  26.3031 124.0074 100.00 incorrect
T32 RANDOM   361    6/ 75   0.1529   0.8617  31.7869  10.9082  11.9742  25.7537 134.5181 100.00 incorrect
T32 RANDOM   362   51/ 75   0.0118   0.9783  41.5061   9.1643   8.8958  38.1516 110.7971 100.00 incorrect
T32 RANDOM   363   21/ 75   0.1176   0.8333  25.6993   5.9489   6.3683  23.2343  70.0955 100.00 incorrect
T32 RANDOM   364   30/ 75   0.0706   0.8889  25.9418  10.8320  12.7294  16.4328 152.4879 100.00 incorrect
T32 RANDOM   365    2/ 75   0.0000   1.0000  21.7269  10.7786  12.3504  11.8216 153.6590 100.00 incorrect
T32 RANDOM   366   39/ 75   0.0471   0.9529  28.8002   8.0779   8.8686  22.8591 115.3388 100.00 incorrect
T32 RANDOM   367   14/ 75   0.0000   1.0000  64.7707  18.4251  18.4511  62.3161 115.2345 100.00 incorrect
T32 RANDOM   368   54/ 75   0.0000   1.0000  61.2093  15.0735  14.7879  58.0661 151.7575 100.00 incorrect
T32 RANDOM   369    9/ 75   0.0588   0.9231  36.5579  10.4839  11.3686  32.9230 108.0743 100.00 incorrect
T32 RANDOM   370   13/ 75   0.0000   1.0000  54.3980  18.3686  20.0222  52.9498  72.4569 100.00 incorrect
T32 RANDOM   371   30/ 75   0.0235   0.9667  31.6873   8.8343   9.1602  27.4514 105.3676 100.00 incorrect
T32 RANDOM   372   25/ 75   0.0000   1.0000  41.6912  11.2422  11.7665  36.8422 134.7392 100.00 incorrect
T32 RANDOM   373   26/ 75   0.0588   0.9057  35.7888   9.8134  10.7017  31.0293 121.0510 100.00 incorrect
T32 RANDOM   374   47/ 75   0.0000   1.0000  27.6335  10.6605  11.8266  21.3652 151.7632 100.00 incorrect
T32 RANDOM   375   27/ 75   0.0000   1.0000  36.9963  12.3872  13.7727  31.8587 152.2933 100.00 incorrect
T32 RANDOM   376    8/ 75   0.0941   0.9091  31.5420  11.4988  12.9295  24.5425 152.0815 100.00 incorrect
T32 RANDOM   377   56/ 75   0.0000   1.0000  44.4506  10.7672  11.3150  41.9712 102.3367 100.00 incorrect
T32 RANDOM   378   19/ 75   0.0941   0.9298  33.5277   9.3711  10.0605  27.7605 129.6238 100.00 incorrect
T32 RANDOM   379   27/ 75   0.0000   1.0000  68.1470  16.5307  15.4121  64.9936 166.0068 100.00 incorrect
T32 RANDOM   380   15/ 75   0.1176   0.9074  31.4064  11.1326  12.4859  24.8425 143.9478 100.00 incorrect
T32 RANDOM   381   26/ 75   0.2588   0.4500  14.4234   4.5102   5.1447  11.4722  49.2612 100.00 incorrect
T32 RANDOM   382    8/ 75   0.1059   0.9043  32.0633  11.7032  13.0709  25.1558 157.8661 100.00 incorrect
T32 RANDOM   383    4/ 75   0.1176   0.8571  30.9345   8.2563   8.9161  27.9557  86.9352 100.00 incorrect
T32 RANDOM   384   21/ 75   0.0000   1.0000  62.8573  21.1290  22.2912  61.4044  82.3782 100.00 incorrect
T32 RANDOM   385    0/ 75   0.0000   1.0000  40.0645  13.2659  14.2579  34.3619 170.4083 100.00 incorrect
T32 RANDOM   386   37/ 75   0.2000   0.7571  29.9905   7.1586   7.6495  26.7355  85.4153 100.00 incorrect
T32 RANDOM   387   62/ 75   0.0000   1.0000  44.8107  11.7863  11.6455  41.5522 107.5099 100.00 incorrect
T32 RANDOM   388    9/ 75   0.0941   0.8904  36.8891  10.3630  11.2353  33.1812 110.1426 100.00 incorrect
T32 RANDOM   389   38/ 75   0.0000   1.0000  46.3596  12.3877  12.7033  41.9904 157.2112 100.00 incorrect
T32 RANDOM   390   10/ 75   0.1412   0.8696  31.5184  10.8117  11.9996  25.5547 132.1618 100.00 incorrect
T32 RANDOM   391   73/ 75   0.0000   1.0000  37.5196  13.3556  14.7650  31.4357 161.8952 100.00 incorrect
T32 RANDOM   392   13/ 75   0.1765   0.8295  33.2632  10.0727  10.8809  28.8160 112.1270 100.00 incorrect
T32 RANDOM   393    7/ 75   0.1176   0.8667  34.2799  10.6877  11.6106  29.5359 120.8654 100.00 incorrect
T32 RANDOM   394   41/ 75   0.0000   1.0000  23.8749   9.2144  10.0717  18.6676  92.3020 100.00 incorrect
T32 RANDOM   395    8/ 75   0.0000   1.0000  34.6714  13.6504  15.2118  27.7753 172.7563 100.00 incorrect
T32 RANDOM   396   11/ 75   0.0000   1.0000  25.9125   9.5594  11.0999  18.0568 132.2048 100.00 incorrect
T32 RANDOM   397   14/ 75   0.0000   1.0000  29.3024   9.6232  10.4301  27.3942  60.7714 100.00 incorrect
T32 RANDOM   398  109/ 75   0.0000   1.0000  27.3047   9.4013  10.6695  19.8768 156.8520 100.00 clashes,incorrect
T32 RANDOM   399    6/ 75   0.1059   0.9000  32.4365  11.7928  13.2181  25.5506 158.3868 100.00 incorrect
T32 RANDOM   400   74/ 75   0.0000   1.0000  28.9293  11.1519  12.7318  22.9360 145.8796 100.00 incorrect
T32 RANDOM   401   10/ 75   0.1529   0.8523  34.6543   9.9255  10.7221  30.8148 106.1914 100.00 incorrect
T32 RANDOM   402   14/ 75   0.1176   0.9000  33.5785  11.9163  13.2690  27.1408 156.9765 100.00 incorrect
T32 RANDOM   403   72/ 75   0.0000   1.0000  47.5298  14.4998  15.6081  43.7804 133.3591 100.00 incorrect
T32 RANDOM   404   37/ 75   0.1294   0.7843  22.2860   5.3923   5.7415  19.5412  68.6512 100.00 incorrect
T32 RANDOM   405   30/ 75   0.0000   1.0000  28.5843   7.5248   8.0949  26.4780  74.0891 100.00 incorrect
T32 RANDOM   406   14/ 75   0.0000   1.0000  39.2626  13.0239  14.1101  33.3934 174.0206 100.00 incorrect
T32 RANDOM   407    9/ 75   0.0000   1.0000  60.4851  17.4421  17.5085  57.7493 119.8398 100.00 incorrect
T32 RANDOM   408   83/ 75   0.0000   1.0000  25.6778   8.6435   9.5469  24.0534  53.7011 100.00 clashes,incorrect
T32 RANDOM   409    9/ 75   0.1176   0.8795  32.7298  11.9025  13.3880  26.0081 160.2912 100.00 incorrect
T32 RANDOM   410   43/ 75   0.0000   1.0000  42.5698   9.9298   9.6105  39.1981 107.1047 100.00 incorrect
T32 RANDOM   411   57/ 75   0.0000   1.0000  62.2899  15.3557  14.9436  59.0796 159.5723 100.00 incorrect
T32 RANDOM   412   83/ 75   0.1059   0.9262  20.7288   8.3995   9.7684   9.1558 125.4390 100.00 clashes,incorrect
T32 RANDOM   413   36/ 75   0.0706   0.9167  21.5599  10.4423  12.2542   6.1858 176.2087 100.00 incorrect
T32 RANDOM   414   52/ 75   0.0000   1.0000  48.1189  12.1723  12.9317  45.5034 111.3756 100.00 incorrect
T32 RANDOM   415   10/ 75   0.1765   0.8438  30.7988  11.2811  12.6781  23.8316 150.9499 100.00 incorrect
T32 RANDOM   416   10/ 75   0.0706   0.9241  32.4752  11.6799  13.0315  25.7590 154.9959 100.00 incorrect
T32 RANDOM   417   12/ 75   0.1176   0.8795  31.9101  11.4856  12.7932  25.2697 150.2254 100.00 incorrect
T32 RANDOM   418    7/ 75   0.1176   0.8958  32.3247  11.2254  12.4602  26.0080 141.5840 100.00 incorrect
T32 RANDOM   419   17/ 75   0.0941   0.9200  33.2149  11.8967  13.1694  26.5641 157.0233 100.00 incorrect
T32 RANDOM   420   40/ 75   0.0588   0.9383  26.3951  10.4958  12.1983  19.0012 135.6635 100.00 incorrect
T32 RANDOM   421   46/ 75   0.0118   0.9885  32.6602  12.3128  13.8761  26.1729 143.1579 100.00 incorrect
T32 RANDOM   422    7/ 75   0.1176   0.8684  34.0990  10.5966  11.5528  29.2721 121.0560 100.00 incorrect
T32 RANDOM   423   11/ 75   0.1176   0.8649  32.1847   9.6995  10.5972  27.8457 108.8436 100.00 incorrect
T32 RANDOM   424   21/ 75   0.0000   1.0000  14.0997   7.0039   7.7389   6.1153  80.2762 100.00 incorrect
T32 RANDOM   425    8/ 75   0.1647   0.8353  31.5385   8.5725   9.1362  28.5942  86.4192 100.00 incorrect
T32 RANDOM   426   23/ 75   0.0000   1.0000  33.7106  12.7326  14.2503  27.0531 163.7915 100.00 incorrect
T32 RANDOM   427   20/ 75   0.1176   0.9010  30.0665  11.4997  12.9839  22.4380 153.5758 100.00 incorrect
T32 RANDOM   428   17/ 75   0.0000   1.0000  60.8026  17.4865  17.6438  57.2658 165.3545 100.00 incorrect
T32 RANDOM   429   16/ 75   0.0000   1.0000  44.8650  13.2498  13.5606  44.1285  46.9668 100.00 incorrect
T32 RANDOM   430   10/ 75   0.1059   0.9174  31.4433  11.5170  13.0028  24.4175 154.7026 100.00 incorrect
T32 RANDOM   431    4/ 75   0.0000   1.0000  61.0187  15.9548  15.3700  58.2501 170.4510 100.00 incorrect
T32 RANDOM   432   11/ 75   0.0941   0.9048  32.7002  11.6423  13.0462  26.1948 152.2229 100.00 incorrect
T32 RANDOM   433   13/ 75   0.0000   1.0000  33.7499  11.7998  13.4155  27.6837 173.2071 100.00 incorrect
T32 RANDOM   434   42/ 75   0.0471   0.9310  31.3378  11.3011  12.7238  24.4345 143.5417 100.00 incorrect
T32 RANDOM   435   35/ 75   0.0000   1.0000  30.4658  11.6721  13.1020  23.3460 147.8257 100.00 incorrect
T32 RANDOM   436   15/ 75   0.0118   0.9889  21.8489   9.8625  11.8894  12.4993 117.3172 100.00 incorrect
T32 RANDOM   437    9/ 75   0.1059   0.9053  30.5346  11.0001  12.3345  23.5522 144.1558 100.00 incorrect
T32 RANDOM   438   13/ 75   0.1176   0.8734  32.6671   9.8612  10.7391  28.2499 111.7870 100.00 incorrect
T32 RANDOM   439    6/ 75   0.1529   0.8617  31.7869  10.9082  11.9742  25.7537 134.5181 100.00 incorrect
T32 RANDOM   440   17/ 75   0.0000   1.0000  43.8348  15.6608  17.1829  39.1351 151.9931 100.00 incorrect
T32 RANDOM   441   74/ 75   0.0118   0.9897  33.3733   8.1318   8.7426  31.1106  77.5153 100.00 incorrect
T32 RANDOM   442   28/ 75   0.0588   0.8864  24.4525   5.7562   6.3619  22.6160  58.1413 100.00 incorrect
T32 RANDOM   443   88/ 75   0.0000   1.0000  20.7909   8.0259   8.7882  17.3205  67.1648 100.00 clashes,incorrect
T32 RANDOM   444   41/ 75   0.0471   0.9512  24.4361   8.6349   9.0201  21.2535  75.1608 100.00 incorrect
T32 RANDOM   445   84/ 75   0.0000   1.0000  46.7363  11.2889  11.7294  43.8911 107.7388 100.00 clashes,incorrect
T32 RANDOM   446   10/ 75   0.0706   0.9362  33.4795  11.9045  13.3140  26.9368 158.3612 100.00 incorrect
T32 RANDOM   447    9/ 75   0.1176   0.8925  31.0234  11.4660  12.9127  23.8898 154.4720 100.00 incorrect
T32 RANDOM   448    6/ 75   0.1765   0.8370  32.0465  10.5247  11.6388  26.5162 127.6108 100.00 incorrect
T32 RANDOM   449   28/ 75   0.0235   0.9706  29.6796  10.3319  11.4470  23.9776 117.0958 100.00 incorrect
T32 RANDOM   450   32/ 75   0.0471   0.9444  39.1756  10.8825  11.7473  35.2341 123.9575 100.00 incorrect
T32 RANDOM   451   36/ 75   0.0941   0.8519  33.6529  12.1004  13.8028  26.4948 173.3731 100.00 incorrect
T32 RANDOM   452   12/ 75   0.1176   0.8851  30.4642  10.8185  12.0512  23.8706 137.1097 100.00 incorrect
T32 RANDOM   453   15/ 75   0.0000   1.0000  71.5516  21.3652  21.5420  68.8565 132.4742 100.00 incorrect
T32 RANDOM   454   85/ 75   0.0118   0.9906  24.6584   8.0820   9.1973  19.1792 108.7869 100.00 clashes,incorrect
T32 RANDOM   455   15/ 75   0.0000   1.0000  43.3774  15.4712  16.9495  38.8299 145.0688 100.00 incorrect
T32 RANDOM   456   16/ 75   0.0000   1.0000  62.7801  21.0030  22.3084  60.9705  91.8190 100.00 incorrect
T32 RANDOM   457    8/ 75   0.1059   0.8929  31.5728  10.8595  12.0168  25.4069 135.4210 100.00 incorrect
T32 RANDOM   458   63/ 75   0.0000   1.0000  44.5229  10.7671  11.3018  42.0478 102.3367 100.00 incorrect
T32 RANDOM   459   15/ 75   0.0000   1.0000  46.3303  13.7642  14.6790  42.6560 150.7790 100.00 incorrect
T32 RANDOM   460   99/ 75   0.0706   0.9439  34.8633  12.0005  13.4193  28.8132 160.8931 100.00 clashes,incorrect
T32 RANDOM   461   10/ 75   0.0000   1.0000  32.8733  10.6618  11.5237  30.5099  72.2694 100.00 incorrect
T32 RANDOM   462   56/ 75   0.0471   0.9494  35.5005  12.5595  14.1410  29.2463 175.1460 100.00 incorrect
T32 RANDOM   463    5/ 75   0.0000   1.0000  29.3738  10.3219  11.3969  28.1117  46.3462 100.00 incorrect
T32 RANDOM   464   28/ 75   0.3647   0.3800   7.0821   2.6559   3.1385   4.4321  31.2742 100.00 acceptable
T32 RANDOM   465   66/ 75   0.0000   1.0000  42.9442  14.8330  15.8719  41.2274  78.9924 100.00 incorrect
T32 RANDOM   466   38/ 75   0.2118   0.7188  16.6802   5.5487   6.2860  13.2149  58.3412 100.00 incorrect
T32 RANDOM   467    8/ 75   0.0000   1.0000  58.3692  18.0203  18.3715  55.5170 120.6067 100.00 incorrect
T32 RANDOM   468   15/ 75   0.0000   1.0000  56.8974  16.5656  17.0774  52.9381 178.3763 100.00 incorrect
T32 RANDOM   469    8/ 75   0.1176   0.8667  34.2633  10.7954  11.8500  29.3925 121.2732 100.00 incorrect
T32 RANDOM   470   18/ 75   0.0000   1.0000  62.1493  20.1753  20.5422  60.5735  86.6441 100.00 incorrect
T32 RANDOM   471    7/ 75   0.0000   1.0000  33.2795  11.0399  11.9731  30.3583  81.6877 100.00 incorrect
T32 RANDOM   472   42/ 75   0.0824   0.9213  20.2570   8.9806  10.5337   6.8516 131.5088 100.00 incorrect
T32 RANDOM   473   46/ 75   0.0353   0.9559  29.0500  10.4081  11.6108  23.6410 112.7753 100.00 incorrect
T32 RANDOM   474   70/ 75   0.0000   1.0000  27.4253  10.4084  12.2198  19.2931 170.7264 100.00 incorrect
T32 RANDOM   475   44/ 75   0.0118   0.9855  39.8592   9.3264   9.0744  36.8277  95.2020 100.00 incorrect
T32 RANDOM   476   43/ 75   0.0000   1.0000  23.4604   7.8705   8.3703  20.0568  73.0920 100.00 incorrect
T32 RANDOM   477   10/ 75   0.1059   0.9174  31.4433  11.5170  13.0028  24.4175 154.7026 100.00 incorrect
T32 RANDOM   478   27/ 75   0.0353   0.9500  37.6893   9.0318   9.6448  35.1059  91.1582 100.00 incorrect
T32 RANDOM   479   60/ 75   0.0000   1.0000  22.4805  10.2989  12.2866  10.1140 169.7029 100.00 incorrect
T32 RANDOM   480   55/ 75   0.0471   0.9452  32.5222  11.5559  12.9311  26.0962 141.5950 100.00 incorrect
T32 RANDOM   481    6/ 75   0.1059   0.8861  33.1828  12.0449  13.5517  26.4343 162.5070 100.00 incorrect
T32 RANDOM   482   44/ 75   0.0000   1.0000  45.6879  13.3776  13.5679  41.1506 169.1693 100.00 incorrect
T32 RANDOM   483   29/ 75   0.1176   0.7826  28.9486   6.4985   6.9669  26.6822  74.1777 100.00 incorrect
T32 RANDOM   484   29/ 75   0.0000   1.0000  46.9330  10.8793  10.4636  43.1957 126.1381 100.00 incorrect
T32 RANDOM   485   70/ 75   0.0000   1.0000  22.1444  10.1781  11.6989  16.0826 107.6415 100.00 incorrect
T32 RANDOM   486   42/ 75   0.0000   1.0000  42.2079  11.0384  11.5916  37.5023 150.4220 100.00 incorrect
T32 RANDOM   487    9/ 75   0.0941   0.9080  32.1413  11.7426  13.1143  25.1928 157.8649 100.00 incorrect
T32 RANDOM   488   48/ 75   0.0118   0.9825  28.0879  10.9621  12.2352  20.5386 139.0167 100.00 incorrect
T32 RANDOM   489   15/ 75   0.1765   0.7619  29.9947   7.8779   8.5672  25.5004 105.1553 100.00 incorrect
T32 RANDOM   490    9/ 75   0.0706   0.9362  32.7851  11.8280  13.3037  26.0364 158.2815 100.00 incorrect
T32 RANDOM   491   26/ 75   0.0000   1.0000  27.0831  11.5063  13.2141  18.9180 167.0322 100.00 incorrect
T32 RANDOM   492   28/ 75   0.0353   0.9610  18.6114   8.6130  10.0594   6.2014 114.1033 100.00 incorrect
T32 RANDOM   493    4/ 75   0.0000   1.0000  22.1237  10.9102  12.4252  12.3725 153.4197 100.00 incorrect
T32 RANDOM   494   50/ 75   0.1647   0.8082  11.3872   4.9904   6.0589   3.8341  64.9568 100.00 incorrect
T32 RANDOM   495   32/ 75   0.0000   1.0000  44.0733  12.6985  13.0974  39.2050 175.4263 100.00 incorrect
T32 RANDOM   496    9/ 75   0.1059   0.9062  32.2998  11.6739  13.1159  25.5973 156.5058 100.00 incorrect
T32 RANDOM   497   11/ 75   0.1059   0.9022  32.6438  11.7225  13.2123  25.9288 156.2934 100.00 incorrect
T32 RANDOM   498   29/ 75   0.0000   1.0000  61.3957  15.6780  14.3309  58.2773 177.3486 100.00 incorrect
T32 RANDOM   499   13/ 75   0.1176   0.8876  32.4079  11.8876  13.4854  25.2839 165.9400 100.00 incorrect
T32 RANDOM   500   63/ 75   0.0118   0.9872  30.7953   9.6458   9.7154  27.9922  79.2903 100.00 incorrect
T32 RANDOM   501   33/ 75   0.0118   0.9706  47.3200  13.3534  14.2357  43.1485 144.0823 100.00 incorrect
T32 RANDOM   502   61/ 75   0.0000   1.0000  23.8590  10.4652  12.3601  12.9631 169.5451 100.00 incorrect
T32 RANDOM   503   96/ 75   0.0000   1.0000  28.8354  10.1246  11.2486  25.9892  75.2515 100.00 clashes,incorrect
T32 RANDOM   504   23/ 75   0.1294   0.8406  31.3190   8.7078   9.4341  27.9229  93.2597 100.00 incorrect
T32 RANDOM   505   90/ 75   0.0000   1.0000  34.6294  10.8205  12.2225  29.1974 172.2768 100.00 clashes,incorrect
T32 RANDOM   506    8/ 75   0.0000   1.0000  29.0740   8.7880   9.6629  26.6520  72.4423 100.00 incorrect
T32 RANDOM   507   72/ 75   0.0000   1.0000  58.9669  17.0359  16.3216  55.2121 174.9137 100.00 incorrect
T32 RANDOM   508   25/ 75   0.3176   0.5345  11.1003   3.5803   4.2776   8.4653  40.7346 100.00 acceptable
T32 RANDOM   509   13/ 75   0.1765   0.8295  33.2632  10.0727  10.8809  28.8160 112.1270 100.00 incorrect
T32 RANDOM   510   33/ 75   0.0000   1.0000  31.8802  12.5765  13.5731  28.7288  90.4707 100.00 incorrect
T32 RANDOM   511   33/ 75   0.0000   1.0000  51.3638  11.9362  11.3470  47.8626 130.7285 100.00 incorrect
T32 RANDOM   512   46/ 75   0.4000   0.4848   7.9160   2.4846   3.1714   5.2592  34.0912 100.00 acceptable
T32 RANDOM   513   26/ 75   0.0706   0.9294  21.5277   8.6967  10.1030  10.5602 127.2575 100.00 incorrect
T32 RANDOM   514   14/ 75   0.1294   0.8911  32.4637  11.7345  13.1294  25.7294 156.9381 100.00 incorrect
T32 RANDOM   515   59/ 75   0.0471   0.9540  36.8975  10.2879  11.1419  33.2236 109.0009 100.00 incorrect
T32 RANDOM   516   33/ 75   0.1176   0.8361  25.2332  10.0251  11.4878  16.6108 132.8659 100.00 incorrect
T32 RANDOM   517   10/ 75   0.0941   0.9121  33.0557  11.7252  13.1058  26.5491 154.3906 100.00 incorrect
T32 RANDOM   518    7/ 75   0.1294   0.8778  32.1556  10.9203  11.9331  26.2223 134.9532 100.00 incorrect
T32 RANDOM   519   35/ 75   0.1176   0.8667  32.4806  10.7890  11.9850  26.7305 131.6498 100.00 incorrect
T32 RANDOM   520   13/ 75   0.1294   0.5926  19.8649   5.7501   6.2855  17.1909  62.1674 100.00 incorrect
T32 RANDOM   521   54/ 75   0.0000   1.0000  62.4574  15.8607  16.1176  60.3993 125.6769 100.00 incorrect
T32 RANDOM   522   20/ 75   0.0235   0.9608  20.6289   5.2955   5.4974  18.8195  48.7980 100.00 incorrect
T32 RANDOM   523    4/ 75   0.0706   0.9048  28.2564  11.1203  12.7576  20.8121 139.9131 100.00 incorrect
T32 RANDOM   524    8/ 75   0.1882   0.8316  32.2479  10.0057  10.9199  27.4299 115.5613 100.00 incorrect
T32 RANDOM   525   21/ 75   0.0000   1.0000  61.2013  20.7631  21.6985  59.9348  73.2368 100.00 incorrect
T32 RANDOM   526   12/ 75   0.1412   0.8681  32.0226  11.6507  12.9791  25.2369 153.7045 100.00 incorrect
T32 RANDOM   527   12/ 75   0.1647   0.8478  32.7486   9.9913  10.8869  28.0377 116.8014 100.00 incorrect
T32 RANDOM   528    7/ 75   0.0824   0.9103  35.4460  10.9548  11.9383  30.7319 123.3271 100.00 incorrect
T32 RANDOM   529   16/ 75   0.0000   1.0000  27.8567   9.7058  10.8673  21.2727 177.4082 100.00 incorrect
T32 RANDOM   530   39/ 75   0.0353   0.9620  20.3396   5.0276   5.7161  17.0368  77.1834 100.00 incorrect
T32 RANDOM   531   49/ 75   0.0000   1.0000  30.7588  12.6798  14.2332  27.3760  94.9790 100.00 incorrect
T32 RANDOM   532   40/ 75   0.2000   0.7671  28.1920   7.3639   7.8215  24.3218  86.5296 100.00 incorrect
T32 RANDOM   533   78/ 75   0.0000   1.0000  62.4799  18.4031  18.9953  59.4807 166.2142 100.00 clashes,incorrect
T32 RANDOM   534    9/ 75   0.1059   0.9032  31.6357  11.1284  12.4203  25.2061 142.6898 100.00 incorrect
T32 RANDOM   535   71/ 75   0.0941   0.9286  34.5055   9.3453   9.9050  29.2524 123.1966 100.00 incorrect
T32 RANDOM   536   14/ 75   0.0000   1.0000  69.8126  21.4250  22.0083  66.6815 174.7482 100.00 incorrect
T32 RANDOM   537   43/ 75   0.3765   0.4921   7.4791   2.4709   3.2074   4.5752  34.0913 100.00 acceptable
T32 RANDOM   538   48/ 75   0.0000   1.0000  38.9180  12.6359  13.9034  37.0178  73.3588 100.00 incorrect
T32 RANDOM   539    8/ 75   0.1647   0.8272  31.4018  10.5991  11.6969  25.4747 132.1244 100.00 incorrect
T32 RANDOM   540   23/ 75   0.0353   0.9400  34.5972  10.7910  12.1506  28.5377 143.5204 100.00 incorrect
T32 RANDOM   541   75/ 75   0.0000   1.0000  62.1425  20.0885  21.3727  60.9286  72.3679 100.00 incorrect
T32 RANDOM   542   47/ 75   0.0000   1.0000  38.0124  12.0076  13.1490  36.6422  61.6205 100.00 incorrect
T32 RANDOM   543   15/ 75   0.0000   1.0000  43.7929  13.7850  14.3297  39.5863 173.5834 100.00 incorrect
T32 RANDOM   544   41/ 75   0.0588   0.9306  38.7802  12.2598  13.5069  33.6917 149.9649 100.00 incorrect
T32 RANDOM   545   39/ 75   0.0000   1.0000  41.3517  14.0960  15.3730  36.6934 132.4893 100.00 incorrect
T32 RANDOM   546   32/ 75   0.4471   0.3214  10.2656   2.2997   2.5665   9.1402  26.5495 100.00 acceptable
T32 RANDOM   547    7/ 75   0.1294   0.8778  32.1556  10.9203  11.9331  26.2223 134.9532 100.00 incorrect
T32 RANDOM   548   13/ 75   0.0000   1.0000  63.3542  20.6818  21.6963  60.7125 119.9627 100.00 incorrect
T32 RANDOM   549   26/ 75   0.1529   0.7797  19.5191   8.5868   9.9785   8.3795 116.8417 100.00 incorrect
T32 RANDOM   550   41/ 75   0.0000   1.0000  34.1256  10.3979  11.0144  32.9354  52.5396 100.00 incorrect
T32 RANDOM   551   57/ 75   0.0000   1.0000  33.8834  10.4991  11.4077  32.6152  55.9203 100.00 incorrect
T32 RANDOM   552   16/ 75   0.0353   0.9444  25.4804  10.3131  12.1984  17.4572 137.6916 100.00 incorrect
T32 RANDOM   553   51/ 75   0.0000   1.0000  47.3045  13.0606  13.5945  44.5164 106.4973 100.00 incorrect
T32 RANDOM   554   63/ 75   0.0000   1.0000  28.3445  11.5411  13.4189  20.4430 156.3494 100.00 incorrect
T32 RANDOM   555   15/ 75   0.0000   1.0000  46.9396  16.8922  18.0983  42.8196 139.0325 100.00 incorrect
T32 RANDOM   556   37/ 75   0.0118   0.9870  26.9992  10.9236  12.2083  18.7567 142.9569 100.00 incorrect
T32 RANDOM   557    8/ 75   0.1059   0.8941  32.0869  11.6720  13.1143  25.1749 157.3887 100.00 incorrect
T32 RANDOM   558   40/ 75   0.1059   0.8676  29.5352   7.3207   7.6392  25.6849  89.1876 100.00 incorrect
T32 RANDOM   559   11/ 75   0.1176   0.8925  32.2209  11.6546  13.0653  25.4907 153.8646 100.00 incorrect
T32 RANDOM   560  126/ 75   0.0000   1.0000  29.4452  10.6610  11.9575  23.9208 114.5853 100.00 clashes,incorrect
T32 RANDOM   561   31/ 75   0.1059   0.8525  16.1305   5.4286   5.9912  11.0021  74.7690 100.00 incorrect
T32 RANDOM   562   34/ 75   0.2471   0.5333  16.6842   3.6510   3.9072  15.5699  36.6520 100.00 acceptable
T32 RANDOM   563   59/ 75   0.0000   1.0000  22.5362  10.4020  11.9696  16.2374 110.8858 100.00 incorrect
T32 RANDOM   564   55/ 75   0.0000   1.0000  25.1202   8.1049   8.6019  24.6848  26.4356 100.00 incorrect
T32 RANDOM   565   43/ 75   0.1529   0.7937  17.9644   4.2037   4.7339  14.7633  60.8385 100.00 incorrect
T32 RANDOM   566    9/ 75   0.1294   0.8804  32.7736  11.6838  12.9918  26.1947 154.5422 100.00 incorrect
T32 RANDOM   567   16/ 75   0.0000   1.0000  67.6172  20.6992  21.3462  64.7666 146.4224 100.00 incorrect
T32 RANDOM   568   32/ 75   0.0118   0.9851  27.5740  11.1008  12.3749  19.4581 144.7190 100.00 incorrect
T32 RANDOM   569   32/ 75   0.0235   0.9565  27.8107   9.2034  10.2682  23.6115  89.2179 100.00 incorrect
T32 RANDOM   570   13/ 75   0.1647   0.8353  31.4679   9.5775  10.4832  26.8006 111.9032 100.00 incorrect
T32 RANDOM   571   10/ 75   0.0941   0.9175  32.2887  11.5133  12.9224  25.6733 150.8731 100.00 incorrect
T32 RANDOM   572    9/ 75   0.0471   0.9474  38.4074  11.4666  12.4378  33.9001 132.9382 100.00 incorrect
T32 RANDOM   573    6/ 75   0.1176   0.8837  30.9891  10.8466  11.9966  24.6691 134.9589 100.00 incorrect
T32 RANDOM   574   50/ 75   0.0118   0.9888  42.2437   9.7777   9.4323  39.1044 101.9098 100.00 incorrect
T32 RANDOM   575   31/ 75   0.1882   0.6800  20.5504   5.7094   6.2064  18.0110  63.2593 100.00 incorrect
T32 RANDOM   576   39/ 75   0.0000   1.0000  22.9686  10.3304  11.5961  14.5693 159.5465 100.00 incorrect
T32 RANDOM   577   22/ 75   0.0235   0.9649  38.4931  12.2648  12.8413  32.8830 147.3204 100.00 incorrect
T32 RANDOM   578   42/ 75   0.0941   0.8621  22.1107   5.2906   5.6665  19.3630  68.7703 100.00 incorrect
T32 RANDOM   579   44/ 75   0.0235   0.9600  22.9001   6.3553   7.2203  19.2852  77.5501 100.00 incorrect
T32 RANDOM   580   42/ 75   0.0000   1.0000  39.3987  12.1414  12.7088  38.4678  48.6467 100.00 incorrect
T32 RANDOM   581   21/ 75   0.0588   0.8750  27.8766   6.8798   7.4398  23.9375  89.8215 100.00 incorrect
T32 RANDOM   582   28/ 75   0.4353   0.2292   6.3212   1.6324   2.0838   5.5818  17.7544 100.00 medium
T32 RANDOM   583   44/ 75   0.2824   0.6712  15.0171   4.3771   5.1279  12.0681  52.5397 100.00 incorrect
T32 RANDOM   584   24/ 75   0.0000   1.0000  30.2344   9.5476  10.8099  26.5634 101.5771 100.00 incorrect
T32 RANDOM   585    8/ 75   0.1529   0.8602  31.4360  10.7835  11.9818  25.3421 132.4114 100.00 incorrect
T32 RANDOM   586   75/ 75   0.0000   1.0000  20.5661   8.2773   9.4490  14.9557  86.8504 100.00 incorrect
T32 RANDOM   587   49/ 75   0.0000   1.0000  23.1043   8.7157   9.5461  19.3381  74.8738 100.00 incorrect
T32 RANDOM   588   11/ 75   0.0235   0.9710  31.2394   7.5646   8.2542  28.4659  86.8919 100.00 incorrect
T32 RANDOM   589   38/ 75   0.0000   1.0000  54.0558  15.1034  15.9285  52.7301  77.7490 100.00 incorrect
T32 RANDOM   590   14/ 75   0.0706   0.9294  33.5575  11.9228  13.3235  27.0715 158.7989 100.00 incorrect
T32 RANDOM   591   25/ 75   0.0941   0.8222  23.5961   7.9033   8.8076  19.0945  87.5652 100.00 incorrect
T32 RANDOM   592   12/ 75   0.1412   0.8636  31.7197  10.5470  11.6238  25.9440 130.5015 100.00 incorrect
T32 RANDOM   593   27/ 75   0.0000   1.0000  21.7795  10.4463  12.3700  13.9417 111.2656 100.00 incorrect
T32 RANDOM   594   26/ 75   0.0588   0.8864  18.3814   4.6371   5.2067  17.2028  39.1989 100.00 incorrect
T32 RANDOM   595   14/ 75   0.0000   1.0000  50.3921  17.3788  18.7695  47.1612 123.9998 100.00 incorrect
T32 RANDOM   596   12/ 75   0.1059   0.8941  32.3904  11.1042  12.2098  26.2352 139.9784 100.00 incorrect
T32 RANDOM   597    7/ 75   0.1176   0.8667  34.9563  10.9217  11.8806  30.0635 125.6812 100.00 incorrect
T32 RANDOM   598   18/ 75   0.0000   1.0000  55.7779  17.1871  17.7429  53.5960 109.7726 100.00 incorrect
