 identification    nclash     fnat  fnonnat    lrmsd  irmsdbb  irmsdsc distance    theta  seqid classification
T36 RANDOM     0   15/ 93   0.0000   1.0000  66.9492  17.5329  17.8084  65.1462 136.1573  99.70 incorrect
T36 RANDOM     1    7/ 93   0.0000   1.0000  54.9918  15.9153  15.9326  51.3496 164.5271 100.00 incorrect
T36 RANDOM     2   11/ 93   0.0000   1.0000  52.1137  15.1013  15.4298  48.3733 147.9621 100.00 incorrect
T36 RANDOM     3    9/ 93   0.0000   1.0000  38.6054   8.1202   8.4668  36.4193  96.4349 100.00 incorrect
T36 RANDOM     4   15/ 93   0.0000   1.0000  65.9066  18.0003  18.2150  63.4658 158.9415  99.70 incorrect
T36 RANDOM     5    5/ 93   0.0000   1.0000  57.2611  15.3649  15.5055  55.2330 102.2102 100.00 incorrect
T36 RANDOM     6   13/ 93   0.0000   1.0000  68.3268  19.2428  19.5081  65.8175 145.1160 100.00 incorrect
T36 RANDOM     7   24/ 93   0.0000   1.0000  24.5693   7.5582   8.1690  23.6012  39.8590  99.70 incorrect
T36 RANDOM     8    3/ 93   0.0000   1.0000  55.9300  14.9668  14.9887  53.5613 114.6347 100.00 incorrect
T36 RANDOM     9    6/ 93   0.0154   0.9821  41.0025  10.6092  11.0588  38.3085  99.8772 100.00 incorrect
T36 RANDOM    10    6/ 93   0.0154   0.9851  41.2431  10.6941  11.1883  38.3950 103.9116 100.00 incorrect
T36 RANDOM    11    7/ 93   0.0000   1.0000  59.9138  15.4604  15.4332  57.4314 131.3235 100.00 incorrect
T36 RANDOM    12   13/ 93   0.0000   1.0000  28.2631   8.5893   9.2965  27.2512  43.3175  99.70 incorrect
T36 RANDOM    13    7/ 93   0.0000   1.0000  57.6574  15.6602  15.7362  55.0977 124.4756 100.00 incorrect
T36 RANDOM    14    5/ 93   0.0000   1.0000  59.4720  15.7591  15.7728  56.8998 131.7929 100.00 incorrect
T36 RANDOM    15   24/ 93   0.0000   1.0000  24.5528   7.9561   8.4430  23.0904  50.6202  99.70 incorrect
T36 RANDOM    16   14/ 93   0.0000   1.0000  74.9497  20.3485  20.5772  72.7471 178.3706  99.70 incorrect
T36 RANDOM    17    4/ 93   0.0000   1.0000  59.3540  15.8262  15.8688  56.7593 130.7920 100.00 incorrect
T36 RANDOM    18    9/ 93   0.0769   0.9057  24.7081   6.2200   6.8029  22.9251  58.0532  99.70 incorrect
T36 RANDOM    19    3/ 93   0.0000   1.0000  57.1417  14.7313  14.5912  54.8885 115.7634 100.00 incorrect
T36 RANDOM    20   11/ 93   0.0154   0.9815  22.1875   7.5391   7.8598  19.2000  72.2000  99.70 incorrect
T36 RANDOM    21    2/ 93   0.0000   1.0000  59.9461  18.9740  18.9146  57.3145 127.4472  99.70 incorrect
T36 RANDOM    22   37/ 93   0.0000   1.0000  75.1660  20.6990  20.8767  73.0010 174.6553  99.70 incorrect
T36 RANDOM    23   18/ 93   0.0000   1.0000  19.6077   8.4743   9.0827  19.4062  17.3919  99.70 incorrect
T36 RANDOM    24    4/ 93   0.0000   1.0000  59.5307  15.5405  15.3821  56.9900 130.2597 100.00 incorrect
T36 RANDOM    25    5/ 93   0.0000   1.0000  59.4783  15.7749  15.8134  56.9052 131.8717 100.00 incorrect
T36 RANDOM    26    5/ 93   0.0000   1.0000  57.6958  15.5890  15.7037  55.6947  98.5694 100.00 incorrect
T36 RANDOM    27    4/ 93   0.0000   1.0000  59.1754  15.3911  15.2168  56.6629 129.2419 100.00 incorrect
T36 RANDOM    28    7/ 93   0.0000   1.0000  57.6006  15.7433  15.7184  55.2091 117.9749 100.00 incorrect
T36 RANDOM    29    7/ 93   0.0000   1.0000  28.2195   7.8434   8.1457  26.9854  51.2834 100.00 incorrect
T36 RANDOM    30   11/ 93   0.0000   1.0000  52.2285  15.3568  15.5159  48.3596 154.3947 100.00 incorrect
T36 RANDOM    31   14/ 93   0.0000   1.0000  57.4851  15.6240  15.7012  54.9310 124.0845 100.00 incorrect
T36 RANDOM    32    6/ 93   0.0000   1.0000  69.6012  18.8801  19.1900  67.1552 168.9407  99.70 incorrect
T36 RANDOM    33    4/ 93   0.0000   1.0000  58.7774  15.9707  16.1700  56.5095 107.6128 100.00 incorrect
T36 RANDOM    34    5/ 93   0.0000   1.0000  62.3142  15.6461  15.6198  59.7501 146.6173 100.00 incorrect
T36 RANDOM    35    2/ 93   0.0615   0.9437  36.3591   8.2938   8.8183  33.5294 104.0109 100.00 incorrect
T36 RANDOM    36   11/ 93   0.0154   0.9853  39.8492   8.3637   8.5728  37.6317  99.7169 100.00 incorrect
T36 RANDOM    37    8/ 93   0.0000   1.0000  55.0444  15.6654  15.7470  52.3442 121.3025 100.00 incorrect
T36 RANDOM    38   10/ 93   0.0154   0.9800  49.0507  16.3097  16.7126  45.4437 137.6459  99.70 incorrect
T36 RANDOM    39    8/ 93   0.0000   1.0000  57.0414  15.8545  15.8777  54.4565 122.0925 100.00 incorrect
T36 RANDOM    40   22/ 93   0.0000   1.0000  25.2948   7.7088   8.4215  24.4202  40.1107  99.70 incorrect
T36 RANDOM    41    7/ 93   0.0000   1.0000  59.0075  15.5427  15.5298  56.5273 127.5338 100.00 incorrect
T36 RANDOM    42   12/ 93   0.0000   1.0000  69.1301  19.1091  19.2177  66.7360 140.8498 100.00 incorrect
T36 RANDOM    43   16/ 93   0.0000   1.0000  31.6661  11.7003  12.1866  27.4784 103.9425  99.70 incorrect
T36 RANDOM    44   13/ 93   0.0000   1.0000  27.0274   9.0704   9.7918  26.1409  40.1336  99.70 incorrect
T36 RANDOM    45    4/ 93   0.0000   1.0000  59.5221  15.6818  15.6781  56.8701 135.8220 100.00 incorrect
T36 RANDOM    46    9/ 93   0.0000   1.0000  68.1145  18.8150  18.9789  65.6456 144.2713 100.00 incorrect
T36 RANDOM    47    3/ 93   0.0000   1.0000  58.7285  15.7031  15.7634  56.1460 128.3279 100.00 incorrect
T36 RANDOM    48    5/ 93   0.0000   1.0000  57.9434  15.6250  15.6615  55.8440 106.0436 100.00 incorrect
T36 RANDOM    49    4/ 93   0.0000   1.0000  57.8457  15.3011  15.3826  55.3961 122.5431 100.00 incorrect
T36 RANDOM    50   11/ 93   0.0000   1.0000  78.6119  22.8202  23.1242  76.5676 161.0860  99.70 incorrect
T36 RANDOM    51    8/ 93   0.0000   1.0000  42.3772  15.0540  15.3095  38.1918 128.6578 100.00 incorrect
T36 RANDOM    52    4/ 93   0.0000   1.0000  39.6590   8.1769   8.4800  37.4563 100.1077 100.00 incorrect
T36 RANDOM    53   10/ 93   0.0000   1.0000  59.6115  15.6378  15.6687  57.0549 132.1489 100.00 incorrect
T36 RANDOM    54    9/ 93   0.0000   1.0000  63.4940  18.6136  18.9841  60.5072 169.9562 100.00 incorrect
T36 RANDOM    55    9/ 93   0.0000   1.0000  70.8089  18.8563  19.2080  68.5188 171.5025  99.70 incorrect
T36 RANDOM    56   19/ 93   0.0000   1.0000  29.4859  10.5972  11.0994  25.2788  99.4982  99.70 incorrect
T36 RANDOM    57    7/ 93   0.0000   1.0000  56.2207  15.6430  15.6487  53.6850 119.5964 100.00 incorrect
T36 RANDOM    58   16/ 93   0.0000   1.0000  65.6748  17.1796  17.5149  63.3181 153.8906  99.70 incorrect
T36 RANDOM    59   20/ 93   0.0000   1.0000  67.3649  18.2765  18.7679  65.3718 155.2166  99.70 incorrect
T36 RANDOM    60   13/ 93   0.0000   1.0000  57.0507  15.6642  15.7810  54.5412 121.7979 100.00 incorrect
T36 RANDOM    61   16/ 93   0.0000   1.0000  68.7849  18.4473  18.6902  66.6397 179.2408  99.70 incorrect
T36 RANDOM    62    7/ 93   0.0000   1.0000  59.9632  15.7662  15.7965  57.3729 134.2538 100.00 incorrect
T36 RANDOM    63   10/ 93   0.0000   1.0000  40.9214   8.7551   9.0277  38.4446 107.2984 100.00 incorrect
T36 RANDOM    64   17/ 93   0.0000   1.0000  66.3343  17.5841  18.0566  63.9393 153.2761  99.70 incorrect
T36 RANDOM    65    6/ 93   0.0000   1.0000  41.1563   8.5065   8.7504  38.8940 103.8536 100.00 incorrect
T36 RANDOM    66   16/ 93   0.0000   1.0000  66.6827  17.2943  17.8804  64.6746 166.2803  99.70 incorrect
T36 RANDOM    67   12/ 93   0.0000   1.0000  54.6688  14.9840  15.1128  52.1695 116.2985 100.00 incorrect
T36 RANDOM    68   13/ 93   0.0462   0.9634  40.2878   8.7766   8.9418  37.7555 106.8569 100.00 incorrect
T36 RANDOM    69   17/ 93   0.0000   1.0000  65.5215  17.2411  17.6295  63.2538 147.9443  99.70 incorrect
T36 RANDOM    70    3/ 93   0.0000   1.0000  40.6935   8.4900   8.7002  38.4685 101.3471 100.00 incorrect
T36 RANDOM    71    9/ 93   0.0000   1.0000  69.7834  19.0912  19.3393  67.6520 178.7955  99.70 incorrect
T36 RANDOM    72   14/ 93   0.0000   1.0000  52.8265  14.8538  15.0412  49.2405 144.8540 100.00 incorrect
T36 RANDOM    73   13/ 93   0.0000   1.0000  68.6028  18.7150  18.9246  66.2036 142.0504 100.00 incorrect
T36 RANDOM    74    5/ 93   0.0154   0.9821  39.1733   8.3620   8.7453  36.7617 102.7162 100.00 incorrect
T36 RANDOM    75    9/ 93   0.0000   1.0000  57.2379  15.7702  15.8216  54.6689 122.6439 100.00 incorrect
T36 RANDOM    76    6/ 93   0.0000   1.0000  49.9393  13.6770  13.8329  47.5040  97.8342 100.00 incorrect
T36 RANDOM    77    6/ 93   0.0000   1.0000  59.3789  15.5249  15.5218  56.8445 131.5573 100.00 incorrect
T36 RANDOM    78   37/ 93   0.0000   1.0000  75.1660  20.6990  20.8767  73.0010 174.6553  99.70 incorrect
T36 RANDOM    79    3/ 93   0.0000   1.0000  56.7399  15.5364  15.6557  54.6676 102.4213 100.00 incorrect
T36 RANDOM    80    5/ 93   0.0000   1.0000  60.2167  15.7735  15.7394  57.5770 137.7379 100.00 incorrect
T36 RANDOM    81    8/ 93   0.0000   1.0000  56.8924  15.5444  15.6198  54.8616 101.7771 100.00 incorrect
T36 RANDOM    82   27/ 93   0.0000   1.0000  28.4364   9.1899   9.8667  27.0977  50.5011  99.70 incorrect
T36 RANDOM    83   50/ 93   0.0308   0.9756  25.3957   7.4148   7.7672  23.9965  51.2240  99.70 incorrect
T36 RANDOM    84   12/ 93   0.0000   1.0000  68.1985  18.7835  18.9483  65.7096 145.4605 100.00 incorrect
T36 RANDOM    85    7/ 93   0.0000   1.0000  58.5794  15.6168  15.7210  56.5761 102.0099 100.00 incorrect
T36 RANDOM    86    4/ 93   0.0000   1.0000  41.0078  10.8126  11.0845  39.9278  62.7822  99.70 incorrect
T36 RANDOM    87    3/ 93   0.0000   1.0000  60.7274  15.7765  15.7871  58.1551 136.5631 100.00 incorrect
T36 RANDOM    88   15/ 93   0.0000   1.0000  66.7860  17.6989  18.1738  64.4077 153.2786  99.70 incorrect
T36 RANDOM    89   10/ 93   0.0462   0.9615  35.7460   8.1468   8.6373  32.8616 103.0813 100.00 incorrect
T36 RANDOM    90   10/ 93   0.0000   1.0000  25.4196   8.9717   9.7637  24.6059  40.1196  99.70 incorrect
T36 RANDOM    91   15/ 93   0.0000   1.0000  28.2680   8.5948   9.2942  27.2552  43.3331  99.70 incorrect
T36 RANDOM    92   12/ 93   0.0000   1.0000  73.5821  21.2859  21.5755  71.1378 169.2968  99.70 incorrect
T36 RANDOM    93   10/ 93   0.0000   1.0000  68.0895  18.6687  18.8731  65.6788 141.4588 100.00 incorrect
T36 RANDOM    94    6/ 93   0.0615   0.9459  36.1246   8.2084   8.7588  33.2104 105.5857 100.00 incorrect
T36 RANDOM    95    5/ 93   0.0000   1.0000  58.1744  15.7480  15.7607  56.0053 104.8947 100.00 incorrect
T36 RANDOM    96    6/ 93   0.0462   0.9492  40.3485   8.5852   8.8802  38.0357 102.1348 100.00 incorrect
T36 RANDOM    97   23/ 93   0.0000   1.0000  27.5801   8.3935   9.0799  26.6854  40.2704  99.70 incorrect
T36 RANDOM    98   16/ 93   0.0000   1.0000  19.7758   7.2122   7.7869  19.0440  34.9381  99.70 incorrect
T36 RANDOM    99    2/ 93   0.0000   1.0000  41.1150   8.5006   8.8733  38.8408 104.0855 100.00 incorrect
T36 RANDOM   100    8/ 93   0.0000   1.0000  59.8520  15.6596  15.6253  57.3123 133.3789 100.00 incorrect
T36 RANDOM   101   14/ 93   0.0000   1.0000  47.2686  12.0353  11.8677  44.5797 116.8962  99.70 incorrect
T36 RANDOM   102    6/ 93   0.0000   1.0000  58.0345  15.7646  16.0039  56.0157 100.0515 100.00 incorrect
T36 RANDOM   103    6/ 93   0.0000   1.0000  58.8179  15.5985  15.7128  56.2200 129.9197 100.00 incorrect
T36 RANDOM   104    5/ 93   0.0000   1.0000  58.9372  15.7444  15.6568  56.3747 127.8857 100.00 incorrect
T36 RANDOM   105   19/ 93   0.0000   1.0000  67.3648  18.0277  18.3020  65.0916 151.7591  99.70 incorrect
T36 RANDOM   106   13/ 93   0.0000   1.0000  72.1989  20.4336  20.6860  70.0947 156.8218  99.70 incorrect
T36 RANDOM   107   13/ 93   0.0000   1.0000  69.9675  18.3491  18.6749  67.7712 161.2573  99.70 incorrect
T36 RANDOM   108    7/ 93   0.0000   1.0000  65.3029  18.6803  18.9446  62.4660 164.4913 100.00 incorrect
T36 RANDOM   109    9/ 93   0.0000   1.0000  68.4011  18.9323  19.1758  65.9546 143.5282 100.00 incorrect
T36 RANDOM   110    7/ 93   0.0000   1.0000  58.5436  15.7155  15.9102  56.5373 100.6354 100.00 incorrect
T36 RANDOM   111   20/ 93   0.0000   1.0000  75.4902  20.2721  20.4291  73.4272 168.7902  99.70 incorrect
T36 RANDOM   112    7/ 93   0.0000   1.0000  57.0887  15.8273  15.9336  54.4898 123.2457 100.00 incorrect
T36 RANDOM   113   15/ 93   0.0000   1.0000  68.3239  18.8824  19.1860  65.8442 144.9783 100.00 incorrect
T36 RANDOM   114    6/ 93   0.0000   1.0000  26.5088   7.6764   8.0142  25.5763  41.6511 100.00 incorrect
T36 RANDOM   115    9/ 93   0.0000   1.0000  59.9066  15.6294  15.6103  57.2690 138.5480 100.00 incorrect
T36 RANDOM   116    5/ 93   0.0000   1.0000  56.1784  15.5562  15.3934  53.6693 118.0216 100.00 incorrect
T36 RANDOM   117    5/ 93   0.0000   1.0000  56.5045  15.9199  16.0168  53.8890 121.8067 100.00 incorrect
T36 RANDOM   118   20/ 93   0.0000   1.0000  28.2390   8.5920   9.2961  27.2257  43.3234  99.70 incorrect
T36 RANDOM   119    6/ 93   0.0000   1.0000  28.9607   7.9570   8.3736  27.5837  55.8465 100.00 incorrect
T36 RANDOM   120    6/ 93   0.0000   1.0000  56.7817  15.8025  15.8778  54.2002 121.3845 100.00 incorrect
T36 RANDOM   121    7/ 93   0.0000   1.0000  59.5259  15.4623  15.5036  57.0730 129.3143 100.00 incorrect
T36 RANDOM   122   26/ 93   0.0000   1.0000  70.3114  19.3264  19.5872  68.2569 155.4267  99.70 incorrect
T36 RANDOM   123   18/ 93   0.0000   1.0000  65.9721  17.5063  17.8122  63.6211 153.1498  99.70 incorrect
T36 RANDOM   124    6/ 93   0.0000   1.0000  58.6246  15.4202  15.4547  56.0590 128.7475 100.00 incorrect
T36 RANDOM   125    3/ 93   0.0154   0.9804  41.7685   8.6734   9.0524  39.4573 106.0481 100.00 incorrect
T36 RANDOM   126    7/ 93   0.0154   0.9863  40.7169   8.5568   8.8066  38.4259 102.8280 100.00 incorrect
T36 RANDOM   127   17/ 93   0.0000   1.0000  66.2094  20.5231  21.4879  64.4495 103.2732 100.00 incorrect
T36 RANDOM   128    7/ 93   0.0000   1.0000  58.5484  15.8281  15.9816  56.4849 102.3110 100.00 incorrect
T36 RANDOM   129    8/ 93   0.0000   1.0000  59.3799  15.5479  15.5262  56.7517 136.3998 100.00 incorrect
T36 RANDOM   130    7/ 93   0.1538   0.7619  32.4809   8.1448   8.4425  29.4853  93.5190 100.00 incorrect
T36 RANDOM   131    5/ 93   0.0000   1.0000  57.4554  15.3662  15.4575  55.0978 117.5774 100.00 incorrect
T36 RANDOM   132    9/ 93   0.0154   0.9853  40.6497   8.5326   8.7738  38.2828 105.2907 100.00 incorrect
T36 RANDOM   133   17/ 93   0.0000   1.0000  26.3856   9.9969  10.4341  21.3803 107.6857  99.70 incorrect
T36 RANDOM   134   39/ 93   0.0154   0.9877  26.0718   7.7796   8.1825  24.4985  54.5193  99.70 incorrect
T36 RANDOM   135    5/ 93   0.0000   1.0000  58.5791  15.4389  15.5444  56.1930 122.7057 100.00 incorrect
T36 RANDOM   136   21/ 93   0.0000   1.0000  69.9398  17.3718  17.7525  67.7952 176.3853  99.70 incorrect
T36 RANDOM   137   10/ 93   0.0154   0.9853  39.4980   8.4088   8.7234  37.1080 103.1090 100.00 incorrect
T36 RANDOM   138   13/ 93   0.0000   1.0000  28.1002   8.7908   9.2897  26.6300  60.1022  99.70 incorrect
T36 RANDOM   139    8/ 93   0.0000   1.0000  27.0583   9.0541   9.6419  26.1507  42.1587  99.70 incorrect
T36 RANDOM   140    7/ 93   0.0308   0.9692  37.4950   8.1385   8.3053  35.2296  95.4296 100.00 incorrect
T36 RANDOM   141    3/ 93   0.0615   0.9344  36.2466   8.7487   9.4973  33.2717 104.0790 100.00 incorrect
T36 RANDOM   142    5/ 93   0.0154   0.9818  40.2654   8.5701   9.0771  37.8015 106.3840 100.00 incorrect
T36 RANDOM   143   18/ 93   0.0000   1.0000  20.6874   7.7290   8.6099  19.7703  39.2289  99.70 incorrect
T36 RANDOM   144    6/ 93   0.0000   1.0000  59.5488  15.6251  15.6234  56.9830 132.3540 100.00 incorrect
T36 RANDOM   145   13/ 93   0.0000   1.0000  60.1817  15.5547  15.5602  57.6086 136.7869 100.00 incorrect
T36 RANDOM   146    9/ 93   0.0000   1.0000  59.4041  15.4853  15.4612  56.8272 132.8341 100.00 incorrect
T36 RANDOM   147    3/ 93   0.0000   1.0000  58.7946  15.7832  15.9138  56.7484 102.8104 100.00 incorrect
T36 RANDOM   148    6/ 93   0.0000   1.0000  58.6325  15.3764  15.4467  56.1355 126.5716 100.00 incorrect
T36 RANDOM   149    8/ 93   0.0000   1.0000  29.8044   8.7555   9.1485  28.9755  41.8738  99.70 incorrect
T36 RANDOM   150    2/ 93   0.0000   1.0000  59.4988  15.2814  15.0929  57.0023 129.4806 100.00 incorrect
T36 RANDOM   151   12/ 93   0.0000   1.0000  24.1004   7.8256   8.3425  22.7374  48.8704  99.70 incorrect
T36 RANDOM   152   11/ 93   0.0000   1.0000  40.4490   8.7109   9.1053  37.9257 107.4168 100.00 incorrect
T36 RANDOM   153    5/ 93   0.0000   1.0000  59.8208  15.7603  15.7903  57.1722 134.7507 100.00 incorrect
T36 RANDOM   154    9/ 93   0.0000   1.0000  54.9256  17.5279  17.7306  53.2463  83.1880 100.00 incorrect
T36 RANDOM   155    4/ 93   0.0000   1.0000  59.1738  15.4946  15.4692  56.6538 128.5566 100.00 incorrect
T36 RANDOM   156   20/ 93   0.0000   1.0000  31.7384   9.2970  10.0198  30.5321  50.7635  99.70 incorrect
T36 RANDOM   157   25/ 93   0.0000   1.0000  75.0521  21.0538  21.2487  72.7995 174.5976  99.70 incorrect
T36 RANDOM   158    7/ 93   0.0000   1.0000  65.5343  19.0597  19.3702  62.6963 162.3551 100.00 incorrect
T36 RANDOM   159    3/ 93   0.0000   1.0000  59.3433  18.8726  18.8086  56.7423 124.9176  99.70 incorrect
T36 RANDOM   160    9/ 93   0.0000   1.0000  69.4955  18.6392  19.2843  67.3027 160.8248  99.70 incorrect
T36 RANDOM   161    9/ 93   0.0154   0.9828  39.3062   8.3084   8.7195  36.9166 102.5369 100.00 incorrect
T36 RANDOM   162   13/ 93   0.0000   1.0000  74.5083  20.9522  21.5246  72.3032 158.6312  99.70 incorrect
T36 RANDOM   163   20/ 93   0.0000   1.0000  27.1680   8.6282   9.2144  25.3264  61.3257  99.70 incorrect
T36 RANDOM   164    9/ 93   0.0000   1.0000  38.3488  14.1824  14.4678  34.7175 107.4378 100.00 incorrect
T36 RANDOM   165   17/ 93   0.0000   1.0000  70.8556  18.8728  19.1010  68.7396 167.0405  99.70 incorrect
T36 RANDOM   166    6/ 93   0.0000   1.0000  58.0926  15.4332  15.5668  56.2456  96.5735 100.00 incorrect
T36 RANDOM   167   10/ 93   0.0000   1.0000  39.7805   8.7798   9.0698  37.2090 105.8202 100.00 incorrect
T36 RANDOM   168    4/ 93   0.0615   0.9459  36.5473   8.3909   8.9832  33.6472 105.8002 100.00 incorrect
T36 RANDOM   169   17/ 93   0.0154   0.9836  25.1186   7.9505   8.3071  22.8317  62.4473  99.70 incorrect
T36 RANDOM   170    6/ 93   0.0000   1.0000  47.1403  13.7282  14.0447  43.4973 128.1213 100.00 incorrect
T36 RANDOM   171    5/ 93   0.0000   1.0000  27.7806   8.2223   8.5370  26.8835  42.1346 100.00 incorrect
T36 RANDOM   172    8/ 93   0.0000   1.0000  56.4828  15.6580  15.7462  54.4988  98.8353 100.00 incorrect
T36 RANDOM   173    5/ 93   0.0000   1.0000  60.5766  15.7305  15.7787  57.9719 138.0902 100.00 incorrect
T36 RANDOM   174    5/ 93   0.0000   1.0000  58.1587  15.9438  16.0616  56.0239 106.3275 100.00 incorrect
T36 RANDOM   175   12/ 93   0.0308   0.9718  39.9246   8.6249   8.7792  37.5033 102.9630 100.00 incorrect
T36 RANDOM   176    4/ 93   0.0000   1.0000  57.0899  15.3225  15.3900  54.6554 118.8097 100.00 incorrect
T36 RANDOM   177   25/ 93   0.0000   1.0000  75.0521  21.0538  21.2487  72.7995 174.5976  99.70 incorrect
T36 RANDOM   178    8/ 93   0.0000   1.0000  57.5607  15.5041  15.6079  55.5242 103.6648 100.00 incorrect
T36 RANDOM   179   16/ 93   0.0000   1.0000  65.9943  17.2204  17.7132  63.8883 176.5746  99.70 incorrect
T36 RANDOM   180   31/ 93   0.0000   1.0000  27.7184   8.9280   9.5761  26.3441  50.4852  99.70 incorrect
T36 RANDOM   181    8/ 93   0.0000   1.0000  58.6335  15.7071  15.8172  56.6250 100.0803 100.00 incorrect
T36 RANDOM   182   22/ 93   0.0000   1.0000  28.1351   9.0275   9.5226  26.7202  57.0049  99.70 incorrect
T36 RANDOM   183    4/ 93   0.0000   1.0000  57.2565  15.1677  15.2721  55.3017 100.9831 100.00 incorrect
T36 RANDOM   184   20/ 93   0.0000   1.0000  70.3518  17.6482  17.8804  68.2674 175.0323  99.70 incorrect
T36 RANDOM   185   22/ 93   0.0000   1.0000  70.2921  19.1684  19.4799  68.3336 154.1496  99.70 incorrect
T36 RANDOM   186    5/ 93   0.0000   1.0000  58.4424  15.3207  15.1519  55.9207 127.1891 100.00 incorrect
T36 RANDOM   187   12/ 93   0.0000   1.0000  69.4566  17.8691  18.1760  67.2701 172.1822  99.70 incorrect
T36 RANDOM   188   19/ 93   0.0154   0.9855  24.1294   7.7500   8.1160  21.5889  66.1864  99.70 incorrect
T36 RANDOM   189    5/ 93   0.0000   1.0000  35.2471   9.1308   9.2124  33.9798  62.8989  99.70 incorrect
T36 RANDOM   190    5/ 93   0.0000   1.0000  41.2708   8.5733   8.9284  38.9668 105.7341 100.00 incorrect
T36 RANDOM   191    8/ 93   0.0000   1.0000  49.1311  13.6844  13.9289  45.8585 125.5482 100.00 incorrect
T36 RANDOM   192    8/ 93   0.0615   0.9385  41.1722   8.9345   9.1290  38.2126 123.2570 100.00 incorrect
T36 RANDOM   193    6/ 93   0.0000   1.0000  59.3077  15.9237  16.0620  56.6558 132.6714 100.00 incorrect
T36 RANDOM   194    8/ 93   0.0000   1.0000  51.8253  18.4782  18.8233  48.1694 152.3699 100.00 incorrect
T36 RANDOM   195   17/ 93   0.0154   0.9836  25.1186   7.9505   8.3071  22.8317  62.4473  99.70 incorrect
T36 RANDOM   196   11/ 93   0.0000   1.0000  68.0542  18.7594  18.9682  65.6208 142.8761 100.00 incorrect
T36 RANDOM   197   11/ 93   0.0000   1.0000  27.0273   9.0714   9.7929  26.1411  40.1343  99.70 incorrect
T36 RANDOM   198   19/ 93   0.0000   1.0000  29.4859  10.5972  11.0994  25.2788  99.4982  99.70 incorrect
T36 RANDOM   199    3/ 93   0.0000   1.0000  58.7943  15.9147  15.9812  56.1360 130.7368 100.00 incorrect
T36 RANDOM   200    3/ 93   0.0000   1.0000  59.6864  15.9765  15.9967  57.0331 133.7051 100.00 incorrect
T36 RANDOM   201   19/ 93   0.0154   0.9855  24.1294   7.7500   8.1160  21.5889  66.1864  99.70 incorrect
T36 RANDOM   202   11/ 93   0.0000   1.0000  57.1851  15.7035  15.7647  55.1187 103.2826 100.00 incorrect
T36 RANDOM   203   10/ 93   0.0154   0.9831  29.7307   8.5902   9.1489  27.5800  74.2760  99.70 incorrect
T36 RANDOM   204    8/ 93   0.0000   1.0000  60.0864  15.6880  15.7400  57.4949 133.5838 100.00 incorrect
T36 RANDOM   205   21/ 93   0.0000   1.0000  69.1794  18.0474  18.1322  66.9096 179.9072  99.70 incorrect
T36 RANDOM   206   12/ 93   0.0000   1.0000  23.2251   8.4338   8.7957  19.6116  80.1003  99.70 incorrect
T36 RANDOM   207   12/ 93   0.0000   1.0000  47.5857  12.5528  12.4866  45.0604 106.9814  99.70 incorrect
T36 RANDOM   208    5/ 93   0.0000   1.0000  59.8057  15.7306  15.7403  57.2583 131.2882 100.00 incorrect
T36 RANDOM   209   11/ 93   0.0308   0.9706  27.3967   8.4256   8.9109  25.4854  65.4630  99.70 incorrect
T36 RANDOM   210   19/ 93   0.0000   1.0000  76.6436  22.2718  22.8420  74.4279 160.3169  99.70 incorrect
T36 RANDOM   211   18/ 93   0.0000   1.0000  68.2339  18.1136  18.4223  66.1553 177.9218  99.70 incorrect
T36 RANDOM   212    7/ 93   0.0154   0.9818  41.2608  10.6193  11.1063  38.5067 102.3482 100.00 incorrect
T36 RANDOM   213    2/ 93   0.0000   1.0000  57.6218  15.4975  15.5612  55.5064 102.4538 100.00 incorrect
T36 RANDOM   214   10/ 93   0.0000   1.0000  28.0405   8.9493   9.4505  26.6214  56.9965  99.70 incorrect
T36 RANDOM   215   11/ 93   0.0000   1.0000  64.6978  18.7899  19.1009  61.8003 166.2187 100.00 incorrect
T36 RANDOM   216    7/ 93   0.0000   1.0000  60.3175  15.4659  15.4916  57.8031 134.8403 100.00 incorrect
T36 RANDOM   217    7/ 93   0.0000   1.0000  58.5193  15.3059  15.3319  55.9864 127.6869 100.00 incorrect
T36 RANDOM   218   18/ 93   0.0308   0.9697  24.4991   7.3997   7.7572  23.0916  50.4191  99.70 incorrect
T36 RANDOM   219    4/ 93   0.0000   1.0000  56.4921  14.3051  14.3809  54.4907 109.2762 100.00 incorrect
T36 RANDOM   220   26/ 93   0.0154   0.9861  27.5071   8.4856   8.8751  24.8273  73.0045  99.70 incorrect
T36 RANDOM   221    6/ 93   0.0000   1.0000  40.1702   8.4834   8.8142  37.9159 101.7077 100.00 incorrect
T36 RANDOM   222    7/ 93   0.0000   1.0000  57.5568  15.5456  15.6190  55.6005 101.6231 100.00 incorrect
T36 RANDOM   223    7/ 93   0.0000   1.0000  59.8253  15.5691  15.6079  57.2648 133.6635 100.00 incorrect
T36 RANDOM   224   20/ 93   0.0000   1.0000  25.4676   8.7221   9.3888  24.7126  35.7999  99.70 incorrect
T36 RANDOM   225   18/ 93   0.0000   1.0000  25.2888   7.8044   8.4267  24.3488  39.8654  99.70 incorrect
T36 RANDOM   226    8/ 93   0.0000   1.0000  39.6737   8.3957   8.7997  37.3700 101.0021 100.00 incorrect
T36 RANDOM   227    7/ 93   0.0000   1.0000  58.8555  15.3550  15.1918  56.3975 125.9670 100.00 incorrect
T36 RANDOM   228    6/ 93   0.0000   1.0000  59.7295  15.6109  15.6135  57.2049 131.6822 100.00 incorrect
T36 RANDOM   229    4/ 93   0.0154   0.9855  40.9184   8.5205   8.8745  38.6266 103.7012 100.00 incorrect
T36 RANDOM   230    9/ 93   0.0308   0.9744  39.1528   8.3869   8.6760  36.6794 103.0764 100.00 incorrect
T36 RANDOM   231    6/ 93   0.0000   1.0000  60.6132  15.4255  15.4621  57.9806 143.1107 100.00 incorrect
T36 RANDOM   232    9/ 93   0.0615   0.9231  39.8239   8.6077   8.8056  37.0025 115.1982 100.00 incorrect
T36 RANDOM   233    9/ 93   0.0000   1.0000  51.4988  14.8436  15.0489  48.8404 104.3364 100.00 incorrect
T36 RANDOM   234   10/ 93   0.0154   0.9861  40.7510   8.5329   8.8300  38.4662 102.7896 100.00 incorrect
T36 RANDOM   235   19/ 93   0.0000   1.0000  66.5235  17.3182  17.8197  64.5251 160.1736  99.70 incorrect
T36 RANDOM   236    6/ 93   0.0154   0.9857  40.6148   8.4916   8.7800  38.3545 101.5640 100.00 incorrect
T36 RANDOM   237    5/ 93   0.0000   1.0000  65.9322  21.5916  21.7442  63.3145 132.6700  99.70 incorrect
T36 RANDOM   238    4/ 93   0.0000   1.0000  58.4631  15.7959  15.8784  56.3842 106.5349 100.00 incorrect
T36 RANDOM   239    5/ 93   0.0000   1.0000  60.0171  15.7319  15.7655  57.4631 132.6867 100.00 incorrect
T36 RANDOM   240   22/ 93   0.0000   1.0000  29.1124   9.3350  10.0454  28.0158  52.1423  99.70 incorrect
T36 RANDOM   241    6/ 93   0.0000   1.0000  65.0064  18.8647  19.1725  62.1131 167.7315 100.00 incorrect
T36 RANDOM   242    5/ 93   0.0154   0.9836  40.0778   8.3293   8.6216  37.8383 100.6059 100.00 incorrect
T36 RANDOM   243   10/ 93   0.0000   1.0000  57.7007  15.4533  15.6671  55.7723  97.1922 100.00 incorrect
T36 RANDOM   244   15/ 93   0.0000   1.0000  68.2008  18.7715  18.9931  65.7584 142.6482 100.00 incorrect
T36 RANDOM   245    7/ 93   0.0000   1.0000  56.8934  15.6880  15.8073  54.3571 120.5294 100.00 incorrect
T36 RANDOM   246    5/ 93   0.0000   1.0000  58.2482  15.2849  15.1418  55.7678 124.1055 100.00 incorrect
T36 RANDOM   247   23/ 93   0.0000   1.0000  75.0509  21.0510  21.2487  72.7988 174.6006  99.70 incorrect
T36 RANDOM   248    5/ 93   0.0000   1.0000  58.7736  15.5497  15.6212  56.1985 128.8516 100.00 incorrect
T36 RANDOM   249   26/ 93   0.0154   0.9861  27.5071   8.4856   8.8751  24.8273  73.0045  99.70 incorrect
T36 RANDOM   250    3/ 93   0.0000   1.0000  56.5612  15.4839  15.7589  54.5280  97.1851 100.00 incorrect
T36 RANDOM   251    5/ 93   0.0154   0.9841  40.7856   8.5001   8.7762  38.4975 103.2425 100.00 incorrect
T36 RANDOM   252   22/ 93   0.0000   1.0000  75.7716  21.2842  21.4976  73.5407 174.6134  99.70 incorrect
T36 RANDOM   253   17/ 93   0.0000   1.0000  41.2076   8.9267   9.2091  39.1543 101.7523  99.70 incorrect
T36 RANDOM   254   18/ 93   0.0000   1.0000  65.4013  17.0526  17.6445  63.4254 157.6474  99.70 incorrect
T36 RANDOM   255   21/ 93   0.0000   1.0000  29.9132   9.2206   9.9306  28.2962  61.2071  99.70 incorrect
T36 RANDOM   256    9/ 93   0.0000   1.0000  57.6759  15.6260  15.6826  55.1274 126.6879 100.00 incorrect
T36 RANDOM   257    7/ 93   0.0000   1.0000  56.2704  15.0414  15.0384  53.4062 140.6736 100.00 incorrect
T36 RANDOM   258   10/ 93   0.0000   1.0000  59.8483  15.5957  15.5970  57.3052 133.9091 100.00 incorrect
T36 RANDOM   259    7/ 93   0.0615   0.9467  35.9592   8.1922   8.7269  33.0772 103.8517 100.00 incorrect
T36 RANDOM   260    6/ 93   0.0000   1.0000  56.2746  15.4294  15.7619  53.3180 124.6692 100.00 incorrect
T36 RANDOM   261    6/ 93   0.0000   1.0000  59.9163  15.8480  15.8647  57.2593 135.7240 100.00 incorrect
T36 RANDOM   262    4/ 93   0.0000   1.0000  58.5525  15.6606  15.7745  56.5674 100.7842 100.00 incorrect
T36 RANDOM   263    2/ 93   0.0000   1.0000  60.3474  15.5013  15.4873  57.8048 135.3370 100.00 incorrect
T36 RANDOM   264    7/ 93   0.0000   1.0000  37.6748  11.2588  11.3231  34.9490  88.3793  99.70 incorrect
T36 RANDOM   265    5/ 93   0.0000   1.0000  64.6624  19.9742  20.1320  61.9876 138.8439  99.70 incorrect
T36 RANDOM   266   10/ 93   0.0000   1.0000  64.2171  18.6365  18.9377  61.2743 173.1043 100.00 incorrect
T36 RANDOM   267   16/ 93   0.0000   1.0000  29.3958  11.3813  11.4410  24.9702 102.8298  99.70 incorrect
T36 RANDOM   268   13/ 93   0.0000   1.0000  37.1703  13.0433  13.3559  33.2944 108.5207 100.00 incorrect
T36 RANDOM   269    4/ 93   0.0000   1.0000  57.3393  15.6144  15.6209  54.7591 126.3289 100.00 incorrect
T36 RANDOM   270   22/ 93   0.0000   1.0000  28.3339   9.0841   9.7541  26.9900  50.4981  99.70 incorrect
T36 RANDOM   271    6/ 93   0.0000   1.0000  61.6355  15.5481  15.5296  59.1391 139.9178 100.00 incorrect
T36 RANDOM   272    7/ 93   0.0000   1.0000  46.8956  13.4979  13.8672  43.3113 125.7489 100.00 incorrect
T36 RANDOM   273    7/ 93   0.0000   1.0000  59.4005  15.8986  15.9462  56.7433 133.2176 100.00 incorrect
T36 RANDOM   274    4/ 93   0.0000   1.0000  58.1400  15.5498  15.6941  56.1542 100.5856 100.00 incorrect
T36 RANDOM   275  218/ 93   0.1692   0.9364  24.8123  11.7835  13.1490  16.8922 129.2339 100.00 clashes,incorrect
T36 RANDOM   276    5/ 93   0.0000   1.0000  57.8803  15.5525  15.6218  55.2728 126.4764 100.00 incorrect
T36 RANDOM   277    5/ 93   0.0000   1.0000  57.0315  15.5628  15.5774  54.5604 120.0585 100.00 incorrect
T36 RANDOM   278   14/ 93   0.0462   0.9583  42.4194   9.3750   9.5587  39.3038 131.1445 100.00 incorrect
T36 RANDOM   279   11/ 93   0.0000   1.0000  47.0196  13.5300  13.8192  43.5295 123.0742 100.00 incorrect
T36 RANDOM   280    8/ 93   0.0154   0.9848  41.2796   8.6078   8.9318  38.9599 105.1443 100.00 incorrect
T36 RANDOM   281    5/ 93   0.0462   0.9464  42.2080   9.7234   9.8551  39.2322 118.0439 100.00 incorrect
T36 RANDOM   282   22/ 93   0.0000   1.0000  75.7716  21.2842  21.4976  73.5407 174.6134  99.70 incorrect
T36 RANDOM   283   22/ 93   0.0000   1.0000  34.6235  12.1894  12.7490  30.3956 112.8069  99.70 incorrect
T36 RANDOM   284    6/ 93   0.0000   1.0000  58.0719  15.7066  15.7953  56.0615  98.9281 100.00 incorrect
T36 RANDOM   285   20/ 93   0.0000   1.0000  32.3034   9.8989  10.4901  30.7517  58.9913  99.70 incorrect
T36 RANDOM   286   14/ 93   0.0000   1.0000  56.3630  15.8936  15.9994  53.6729 125.5747 100.00 incorrect
T36 RANDOM   287    1/ 93   0.0000   1.0000  59.0028  15.6408  15.6714  56.9707 103.4623 100.00 incorrect
T36 RANDOM   288   10/ 93   0.0000   1.0000  59.8381  15.4962  15.4337  57.2710 135.8682 100.00 incorrect
T36 RANDOM   289    6/ 93   0.0000   1.0000  65.0127  18.1023  18.1212  62.5190 128.1913 100.00 incorrect
T36 RANDOM   290   17/ 93   0.0000   1.0000  29.9126   9.2214   9.9301  28.2959  61.2140  99.70 incorrect
T36 RANDOM   291    3/ 93   0.0000   1.0000  60.6776  15.8084  15.9019  58.1220 135.7659 100.00 incorrect
T36 RANDOM   292   18/ 93   0.0154   0.9839  23.2152   8.4137   8.9007  20.0870  73.9992  99.70 incorrect
T36 RANDOM   293    9/ 93   0.0000   1.0000  58.9718  15.3561  15.4340  56.4511 129.9337 100.00 incorrect
T36 RANDOM   294    3/ 93   0.0000   1.0000  56.7922  15.4038  15.5034  54.6245 102.4823 100.00 incorrect
T36 RANDOM   295    6/ 93   0.0000   1.0000  56.0139  15.7146  15.8877  53.4565 119.1138 100.00 incorrect
T36 RANDOM   296   10/ 93   0.0462   0.9577  39.2097   8.5706   8.7966  36.7183 102.5501 100.00 incorrect
T36 RANDOM   297   19/ 93   0.0000   1.0000  26.2326   8.1821   8.6912  24.5043  57.5858  99.70 incorrect
T36 RANDOM   298    8/ 93   0.0000   1.0000  56.4013  15.7807  15.8705  53.8098 121.3950 100.00 incorrect
T36 RANDOM   299   16/ 93   0.0000   1.0000  65.7912  17.3347  17.6622  63.3793 153.6399  99.70 incorrect
T36 RANDOM   300    5/ 93   0.0000   1.0000  57.1562  15.3407  15.3318  54.3377 145.8387  99.70 incorrect
T36 RANDOM   301    7/ 93   0.0000   1.0000  51.5543  13.8272  13.9319  49.2064  99.5294 100.00 incorrect
T36 RANDOM   302    7/ 93   0.0000   1.0000  58.1279  15.6624  15.8097  56.0184 103.2710 100.00 low_id,incorrect
T36 RANDOM   303   13/ 93   0.0000   1.0000  69.2679  18.4397  18.7463  66.9410 168.0936  99.70 incorrect
T36 RANDOM   304   13/ 93   0.0000   1.0000  53.3358  15.4704  15.6760  49.5869 153.8293 100.00 incorrect
T36 RANDOM   305   11/ 93   0.0000   1.0000  52.5029  13.6696  13.8195  50.1872 107.7834  99.70 incorrect
T36 RANDOM   306    5/ 93   0.0154   0.9808  40.2798   8.6107   9.0947  37.8571 104.9382 100.00 incorrect
T36 RANDOM   307   10/ 93   0.0000   1.0000  56.7929  15.9057  15.9970  54.2279 120.6085 100.00 incorrect
T36 RANDOM   308    5/ 93   0.0000   1.0000  58.4738  15.7879  15.8775  55.8815 127.6275 100.00 incorrect
