 identification    nclash     fnat  fnonnat    lrmsd  irmsdbb  irmsdsc distance    theta  seqid classification
T35 RANDOM     0   11/ 83   0.0000   1.0000  60.3986  15.6050  15.6243  58.6939 116.4985 100.00 incorrect
T35 RANDOM     1   11/ 83   0.0000   1.0000  57.7982  14.8472  14.9475  56.4404  97.3111 100.00 incorrect
T35 RANDOM     2   35/ 83   0.0000   1.0000  32.8073  10.3209  10.9464  28.6020 172.8584 100.00 incorrect
T35 RANDOM     3    9/ 83   0.0000   1.0000  65.0347  17.1430  17.2254  63.0733 141.5848 100.00 incorrect
T35 RANDOM     4   18/ 83   0.0233   0.9825  35.8320  10.4405  11.3051  32.3441 121.8187  98.50 incorrect
T35 RANDOM     5   21/ 83   0.0000   1.0000  72.4034  18.5910  19.2742  70.4033 170.1439  98.50 incorrect
T35 RANDOM     6   20/ 83   0.0000   1.0000  32.6486  11.6055  11.9625  28.8820 151.0947 100.00 incorrect
T35 RANDOM     7   52/ 83   0.0000   1.0000  34.5285  11.1855  12.1588  31.4066 111.3451 100.00 incorrect
T35 RANDOM     8   12/ 83   0.0000   1.0000  61.8344  19.8732  20.3370  60.0222 113.9568 100.00 incorrect
T35 RANDOM     9   48/ 83   0.0000   1.0000  32.5851  10.5285  11.5215  28.9734 116.4603 100.00 incorrect
T35 RANDOM    10   10/ 83   0.0000   1.0000  61.9855  15.9540  16.0564  60.2275 122.6445 100.00 incorrect
T35 RANDOM    11   12/ 83   0.0000   1.0000  49.1359  15.9356  16.5655  46.4286 128.3533 100.00 incorrect
T35 RANDOM    12   91/ 83   0.0769   0.9180  53.7769  17.6995  18.1443  51.2662 145.9022  99.70 clashes,incorrect
T35 RANDOM    13  156/ 83   0.0154   0.9913  36.5677   7.4620   7.4837  34.7617  93.2611 100.00 clashes,incorrect
T35 RANDOM    14   34/ 83   0.0000   1.0000  52.3473  12.9612  14.4997  49.7443 139.0752  98.50 incorrect
T35 RANDOM    15    9/ 83   0.0000   1.0000  69.7512  19.7799  20.2604  67.8024 154.3251 100.00 incorrect
T35 RANDOM    16   47/ 83   0.0000   1.0000  45.0920  14.9687  16.9006  41.5975 160.5533 100.00 incorrect
T35 RANDOM    17   13/ 83   0.0000   1.0000  63.0392  16.3528  16.4601  61.2575 125.4428 100.00 incorrect
T35 RANDOM    18   15/ 83   0.0000   1.0000  63.6133  15.8047  16.5711  61.5567 128.7028  98.50 incorrect
T35 RANDOM    19   37/ 83   0.0000   1.0000  55.9009  16.4027  17.1712  53.8425 119.5546 100.00 incorrect
T35 RANDOM    20   21/ 83   0.0000   1.0000  68.3183  16.5553  17.0472  66.1015 167.0865 100.00 incorrect
T35 RANDOM    21   46/ 83   0.0000   1.0000  61.4921  19.2223  19.9497  60.0001 103.2446 100.00 incorrect
T35 RANDOM    22    9/ 83   0.0000   1.0000  68.3922  17.0455  17.8647  66.3085 171.3028  98.50 incorrect
T35 RANDOM    23   50/ 83   0.0462   0.9634  46.0210  10.5453  10.6118  43.3284 158.9018 100.00 incorrect
T35 RANDOM    24    6/ 83   0.0000   1.0000  32.5845  14.8580  15.4175  28.9121 123.3793  98.50 incorrect
T35 RANDOM    25   19/ 83   0.0000   1.0000  48.8581  12.6675  14.4406  45.4740 164.4142  98.50 incorrect
T35 RANDOM    26   17/ 83   0.0000   1.0000  58.1389  17.4455  19.3199  55.2635 165.0717  98.50 incorrect
T35 RANDOM    27    8/ 83   0.0000   1.0000  60.5105  15.3436  15.3289  58.8281 116.0084 100.00 incorrect
T35 RANDOM    28  124/ 83   0.0000   1.0000  39.4982  11.2050  11.8015  36.0975 133.8734 100.00 clashes,incorrect
T35 RANDOM    29   28/ 83   0.0000   1.0000  38.9300  13.5972  15.2513  37.5075  77.2771 100.00 incorrect
T35 RANDOM    30   25/ 83   0.0308   0.9600  39.2423   8.3039   8.1922  37.3096 100.2401 100.00 incorrect
T35 RANDOM    31   16/ 83   0.0000   1.0000  67.0512  18.1689  19.1645  65.0644 156.3945  98.50 incorrect
T35 RANDOM    32   14/ 83   0.0000   1.0000  61.0982  15.4379  15.5717  59.4368 117.4824 100.00 incorrect
T35 RANDOM    33    7/ 83   0.0000   1.0000  69.8027  19.7172  20.0753  67.8157 158.9684 100.00 incorrect
T35 RANDOM    34   20/ 83   0.0233   0.9831  42.4991  13.7253  15.4874  39.0576 135.0834  98.50 incorrect
T35 RANDOM    35   46/ 83   0.0000   1.0000  44.1651  14.9195  16.9554  40.8281 146.9152 100.00 incorrect
T35 RANDOM    36    6/ 83   0.0000   1.0000  62.9569  16.5146  16.6375  61.1415 126.2924 100.00 incorrect
T35 RANDOM    37   50/ 83   0.0000   1.0000  54.2006  17.5309  17.8662  52.4975 109.8399  99.70 incorrect
T35 RANDOM    38   14/ 83   0.0000   1.0000  48.6556  15.1300  15.7740  46.1068 120.6789 100.00 incorrect
T35 RANDOM    39   14/ 83   0.0000   1.0000  59.4059  15.1513  15.2298  57.7342 114.3462 100.00 incorrect
T35 RANDOM    40   13/ 83   0.0000   1.0000  61.4234  15.7219  15.9075  59.6337 124.3344 100.00 incorrect
T35 RANDOM    41   17/ 83   0.0000   1.0000  63.4072  16.5626  16.7056  61.5483 128.6403 100.00 incorrect
T35 RANDOM    42   45/ 83   0.0000   1.0000  41.4359  13.8572  14.6542  38.2887 129.1227  99.70 incorrect
T35 RANDOM    43   12/ 83   0.0000   1.0000  49.2364  17.4484  18.6168  45.9615 172.9811 100.00 incorrect
T35 RANDOM    44   14/ 83   0.0000   1.0000  66.2111  18.3559  20.1238  64.5956 106.1842  98.50 incorrect
T35 RANDOM    45    9/ 83   0.0000   1.0000  64.5081  17.0908  17.2171  62.6146 134.8220 100.00 incorrect
T35 RANDOM    46    8/ 83   0.0000   1.0000  60.5948  15.8094  15.8504  58.9027 115.3822 100.00 incorrect
T35 RANDOM    47   13/ 83   0.0000   1.0000  17.8615  11.7165  12.7070   5.6836 176.1829  98.50 incorrect
T35 RANDOM    48    7/ 83   0.0000   1.0000  65.5876  17.3487  17.6277  63.4369 166.6015  98.50 incorrect
T35 RANDOM    49   11/ 83   0.0000   1.0000  64.2670  16.8424  16.9658  62.3344 138.3310 100.00 incorrect
T35 RANDOM    50   15/ 83   0.0000   1.0000  21.7005  11.9750  14.1208  13.7771 136.7199  98.50 incorrect
T35 RANDOM    51   39/ 83   0.0308   0.9500  41.4374  12.4819  12.8273  39.2434 104.1399  99.70 incorrect
T35 RANDOM    52    8/ 83   0.0000   1.0000  62.5949  16.7093  16.7649  60.7356 128.4404 100.00 incorrect
T35 RANDOM    53   13/ 83   0.0000   1.0000  64.0267  16.6901  16.8064  62.1775 130.3875 100.00 incorrect
T35 RANDOM    54   27/ 83   0.0000   1.0000  44.8349  11.3190  11.5947  43.5718  76.0159  99.70 incorrect
T35 RANDOM    55   37/ 83   0.0308   0.9750  47.5318  10.5998  10.7910  44.9742 158.3631 100.00 incorrect
T35 RANDOM    56   13/ 83   0.0000   1.0000  62.4878  16.8349  16.8333  60.8767 112.5871 100.00 incorrect
T35 RANDOM    57   14/ 83   0.0000   1.0000  73.1706  19.5534  20.0885  71.3037 176.1516  98.50 incorrect
T35 RANDOM    58   14/ 83   0.0000   1.0000  64.1167  22.4302  23.4850  62.2416 121.4757  98.50 incorrect
T35 RANDOM    59   17/ 83   0.0000   1.0000  61.7948  15.6199  15.7986  59.9179 128.0717 100.00 incorrect
T35 RANDOM    60   17/ 83   0.0000   1.0000  42.3133  12.4126  12.8404  40.3954  92.8255  99.70 incorrect
T35 RANDOM    61   27/ 83   0.0154   0.9756  33.8521   9.7763  10.2776  32.1062  77.1544  99.70 incorrect
T35 RANDOM    62   22/ 83   0.0000   1.0000  45.3838  14.5421  16.0484  41.9882 168.5403  98.50 incorrect
T35 RANDOM    63   13/ 83   0.0000   1.0000  64.6980  16.9850  17.1121  62.7331 141.6779 100.00 incorrect
T35 RANDOM    64   11/ 83   0.0000   1.0000  44.0646  14.6420  15.2042  41.2796 119.0291 100.00 incorrect
T35 RANDOM    65    5/ 83   0.0000   1.0000  63.3216  16.7213  16.8800  61.5799 122.4700 100.00 incorrect
T35 RANDOM    66   10/ 83   0.0000   1.0000  61.7565  16.1086  16.3249  59.9271 125.3558 100.00 incorrect
T35 RANDOM    67    9/ 83   0.0000   1.0000  58.6917  15.4760  15.8701  56.9756 107.8885  99.70 incorrect
T35 RANDOM    68   11/ 83   0.0000   1.0000  60.5712  15.3166  15.3259  58.9063 114.9552 100.00 incorrect
T35 RANDOM    69   10/ 83   0.0000   1.0000  61.5329  15.5080  15.7103  59.6127 129.3027 100.00 incorrect
T35 RANDOM    70    2/ 83   0.0000   1.0000  57.2479  14.7161  15.0463  55.7223  99.7414  99.70 incorrect
T35 RANDOM    71   16/ 83   0.0000   1.0000  59.4075  15.1179  15.2975  57.7157 112.8693 100.00 incorrect
T35 RANDOM    72   40/ 83   0.0000   1.0000  49.3735  13.1995  13.7562  46.3099 155.6330 100.00 incorrect
T35 RANDOM    73   14/ 83   0.0000   1.0000  39.5158  14.7741  16.5086  39.1675  30.2943  98.50 incorrect
T35 RANDOM    74   10/ 83   0.0000   1.0000  59.8525  15.3046  15.4515  58.1546 114.8644 100.00 incorrect
T35 RANDOM    75   10/ 83   0.0000   1.0000  39.2245  15.9666  17.6191  35.2376 157.6071  99.70 incorrect
T35 RANDOM    76   10/ 83   0.0000   1.0000  44.0166  16.0170  17.0811  40.9119 134.5617  99.70 incorrect
T35 RANDOM    77   13/ 83   0.0000   1.0000  17.8615  11.7165  12.7070   5.6836 176.1828  98.50 incorrect
T35 RANDOM    78   25/ 83   0.0000   1.0000  42.4367  12.2476  13.1259  40.7194  88.2690  98.50 incorrect
T35 RANDOM    79   45/ 83   0.0000   1.0000  36.3380  11.0385  11.8199  35.3503  59.8492  99.70 incorrect
T35 RANDOM    80   55/ 83   0.0000   1.0000  49.2890  13.4856  14.2432  48.3680  70.6196  99.70 incorrect
T35 RANDOM    81   47/ 83   0.0000   1.0000  36.0534  11.4004  11.8670  35.3970  46.2828 100.00 incorrect
T35 RANDOM    82   10/ 83   0.0000   1.0000  62.9022  16.3999  16.4937  61.0547 126.8148 100.00 incorrect
T35 RANDOM    83   10/ 83   0.0000   1.0000  63.1989  16.4236  16.5678  61.3250 130.4681 100.00 incorrect
T35 RANDOM    84   19/ 83   0.0000   1.0000  61.1140  15.6501  15.7105  59.3053 124.2437 100.00 incorrect
T35 RANDOM    85   19/ 83   0.0000   1.0000  47.4717  13.9302  15.3050  46.1592  77.5210  98.50 incorrect
T35 RANDOM    86    4/ 83   0.0000   1.0000  58.1197  15.4055  15.9602  56.3867 107.8885  99.70 incorrect
T35 RANDOM    87   54/ 83   0.0000   1.0000  35.3730  11.0202  11.8958  34.8455  43.7876  99.70 incorrect
T35 RANDOM    88   13/ 83   0.0000   1.0000  64.7171  16.9313  16.9239  62.7898 136.1606 100.00 incorrect
T35 RANDOM    89   66/ 83   0.0000   1.0000  34.9942  10.6304  11.3439  34.8583  19.8384 100.00 incorrect
T35 RANDOM    90   53/ 83   0.0000   1.0000  30.6022   8.4148   9.0168  29.1761  68.3418 100.00 incorrect
T35 RANDOM    91   19/ 83   0.0000   1.0000  64.9390  17.0500  16.9379  62.9926 141.8293 100.00 incorrect
T35 RANDOM    92   16/ 83   0.0000   1.0000  24.7521   9.7914  11.2156  21.8190  80.6900  98.50 incorrect
T35 RANDOM    93   12/ 83   0.0000   1.0000  65.7122  17.2341  17.2926  63.7580 142.9848 100.00 incorrect
T35 RANDOM    94   23/ 83   0.0000   1.0000  51.7312  14.4092  16.0493  49.8363 101.9950  98.50 incorrect
T35 RANDOM    95   30/ 83   0.0000   1.0000  31.4643   8.3482   8.7468  30.3170  59.8491  99.70 incorrect
T35 RANDOM    96   49/ 83   0.0308   0.9512  54.4624  17.2121  17.8278  51.7801 156.8432  99.70 incorrect
T35 RANDOM    97   15/ 83   0.0000   1.0000  53.6039  20.7006  21.9322  53.2878  37.0315  98.50 incorrect
T35 RANDOM    98   87/ 83   0.0000   1.0000  36.7213   9.5361  10.0595  36.2951  39.0699 100.00 clashes,incorrect
T35 RANDOM    99   45/ 83   0.0000   1.0000  60.3862  17.6178  18.0942  58.3454 131.3179  99.70 incorrect
T35 RANDOM   100   16/ 83   0.0000   1.0000  74.7364  24.1132  25.7949  72.6774 149.0163  98.50 incorrect
T35 RANDOM   101   11/ 83   0.0000   1.0000  56.4995  15.6124  16.8213  54.8565  93.9430  98.50 incorrect
T35 RANDOM   102   25/ 83   0.0000   1.0000  41.5399  12.6855  13.5304  39.7362  93.0532  99.70 incorrect
T35 RANDOM   103   15/ 83   0.0000   1.0000  51.2958  14.9277  15.5653  49.7252  92.8255  99.70 incorrect
T35 RANDOM   104   15/ 83   0.0000   1.0000  47.3862  12.6512  13.2236  45.8645  84.3670 100.00 incorrect
T35 RANDOM   105   14/ 83   0.0000   1.0000  69.3239  19.3210  19.8375  67.3232 160.4234 100.00 incorrect
T35 RANDOM   106   20/ 83   0.0233   0.9861  31.4554  13.8219  15.3064  25.9575 162.8352  98.50 incorrect
T35 RANDOM   107    9/ 83   0.0000   1.0000  58.8027  15.6339  15.7226  57.2781 102.6572 100.00 incorrect
T35 RANDOM   108   25/ 83   0.0000   1.0000  31.9384   9.4902  10.0231  31.4923  35.8368  99.70 incorrect
T35 RANDOM   109   54/ 83   0.0000   1.0000  39.2084  12.1127  13.4586  35.3832 159.3689 100.00 incorrect
T35 RANDOM   110   11/ 83   0.0000   1.0000  54.6136  17.5142  18.2073  52.1354 158.1246  98.50 incorrect
T35 RANDOM   111   85/ 83   0.0000   1.0000  39.1791  12.1476  12.8475  36.3184 116.9570  99.70 clashes,incorrect
T35 RANDOM   112    9/ 83   0.0000   1.0000  73.1879  22.6586  23.9052  72.3475  79.1689  98.50 incorrect
T35 RANDOM   113   12/ 83   0.0000   1.0000  64.1648  16.8211  17.0909  62.2389 138.6015 100.00 incorrect
T35 RANDOM   114   18/ 83   0.0000   1.0000  47.1842  18.1076  19.1013  44.5877 140.1516  98.50 incorrect
T35 RANDOM   115    7/ 83   0.0000   1.0000  59.3290  15.2082  15.3413  57.6541 113.8987 100.00 incorrect
T35 RANDOM   116   65/ 83   0.0000   1.0000  32.9601   9.1841   9.6114  32.2189  46.9449  99.70 incorrect
T35 RANDOM   117    8/ 83   0.0462   0.8571  48.5187  14.7760  15.1933  46.6323 104.5218  99.70 incorrect
T35 RANDOM   118   20/ 83   0.0000   1.0000  38.9210  15.8496  18.0440  35.1284 135.1860  98.50 incorrect
T35 RANDOM   119   12/ 83   0.0000   1.0000  63.8626  16.4347  16.6234  61.9189 136.1865 100.00 incorrect
T35 RANDOM   120   29/ 83   0.0000   1.0000  42.0235  13.9553  14.6561  40.9324  72.5383  99.70 incorrect
T35 RANDOM   121   38/ 83   0.0000   1.0000  56.9557  14.4266  14.7210  55.3008 112.4689  99.70 incorrect
T35 RANDOM   122   60/ 83   0.0000   1.0000  44.8356  12.9150  13.6032  43.0995  96.7946  99.70 incorrect
T35 RANDOM   123   91/ 83   0.0000   1.0000  27.2692  10.7521  11.3978  26.1689  57.4405 100.00 clashes,incorrect
T35 RANDOM   124   13/ 83   0.0000   1.0000  43.3766  11.2482  11.7418  42.1647  71.2709 100.00 incorrect
T35 RANDOM   125   16/ 83   0.0000   1.0000  45.4993  15.1717  16.5211  43.3168 106.8939  98.50 incorrect
T35 RANDOM   126   13/ 83   0.0000   1.0000  43.3480  13.5058  15.7626  40.3413 123.4017  98.50 incorrect
T35 RANDOM   127   69/ 83   0.0462   0.9630  16.7503   6.8138   7.7119  13.4444  72.4611 100.00 incorrect
T35 RANDOM   128    7/ 83   0.0000   1.0000  65.5876  17.3487  17.6277  63.4369 166.6015  98.50 incorrect
T35 RANDOM   129   48/ 83   0.0000   1.0000  39.1078  10.5202  10.8254  37.7441  71.6675  99.70 incorrect
T35 RANDOM   130   15/ 83   0.0000   1.0000  49.3384  15.5877  16.3072  46.7441 124.9550 100.00 incorrect
T35 RANDOM   131   74/ 83   0.0000   1.0000  32.4163  10.9022  11.8497  27.8712 166.1385 100.00 incorrect
T35 RANDOM   132   61/ 83   0.0769   0.9468  35.5844  10.2427  10.9808  33.6928  85.1730 100.00 incorrect
T35 RANDOM   133   15/ 83   0.0000   1.0000  62.7239  16.6282  16.5805  60.9403 123.5806 100.00 incorrect
T35 RANDOM   134   43/ 83   0.0154   0.9744  21.0650   6.4533   6.8210  20.5045  34.3057  99.70 incorrect
T35 RANDOM   135   16/ 83   0.0000   1.0000  62.0980  15.7524  15.8727  60.1831 130.7632 100.00 incorrect
T35 RANDOM   136    8/ 83   0.0000   1.0000  16.6324  11.2479  11.9927   9.3758 108.2725  98.50 incorrect
T35 RANDOM   137   37/ 83   0.0000   1.0000  42.0333  13.6594  15.2117  40.6661  79.7725 100.00 incorrect
T35 RANDOM   138   14/ 83   0.0000   1.0000  37.7167  12.6111  13.5419  34.4340 118.9433 100.00 incorrect
T35 RANDOM   139   54/ 83   0.0000   1.0000  67.0216  16.9800  17.1769  65.0025 171.2418  99.70 incorrect
T35 RANDOM   140    3/ 83   0.0000   1.0000  46.6047  15.7717  17.3167  43.2090 173.2974  99.70 incorrect
T35 RANDOM   141   90/ 83   0.0000   1.0000  49.8857  13.1296  13.5906  48.3070  97.8719  99.70 clashes,incorrect
T35 RANDOM   142    8/ 83   0.0000   1.0000  64.6799  17.3310  17.5088  62.8251 131.0308 100.00 incorrect
T35 RANDOM   143   10/ 83   0.0000   1.0000  65.3632  16.8438  17.0639  63.4034 144.6765 100.00 incorrect
T35 RANDOM   144   15/ 83   0.0000   1.0000  61.4639  15.5809  15.7359  59.5704 127.4374 100.00 incorrect
T35 RANDOM   145   10/ 83   0.0000   1.0000  61.7931  16.5147  16.9025  60.2904 105.4270 100.00 incorrect
T35 RANDOM   146   89/ 83   0.0000   1.0000  58.2748  14.7946  15.0522  56.4759 122.0664  99.70 clashes,incorrect
T35 RANDOM   147   10/ 83   0.0000   1.0000  59.9268  15.5419  15.6368  58.2075 115.3522 100.00 incorrect
T35 RANDOM   148   13/ 83   0.0000   1.0000  64.9745  16.9969  16.9237  63.0552 135.4698 100.00 incorrect
T35 RANDOM   149    8/ 83   0.0000   1.0000  59.7706  15.2704  15.2740  58.1078 113.9132 100.00 incorrect
T35 RANDOM   150   55/ 83   0.0000   1.0000  45.5517  12.1454  12.5140  43.9105  87.5882  99.70 incorrect
T35 RANDOM   151    9/ 83   0.0000   1.0000  71.7450  19.3430  19.4035  70.0661 135.4745 100.00 incorrect
T35 RANDOM   152   64/ 83   0.0615   0.9070  31.2381   7.2218   7.4371  28.9777  92.0654  99.70 incorrect
T35 RANDOM   153   13/ 83   0.0000   1.0000  62.3720  16.0378  16.4096  60.5867 124.1474 100.00 incorrect
T35 RANDOM   154    6/ 83   0.0000   1.0000  53.9315  17.0869  17.7759  51.2418 147.8145 100.00 incorrect
T35 RANDOM   155   56/ 83   0.0615   0.9365  12.6916   6.2246   6.7644   9.5127  56.6159 100.00 incorrect
T35 RANDOM   156   70/ 83   0.1077   0.8923  28.8333   6.1230   6.4864  27.4073  68.1502  99.70 incorrect
T35 RANDOM   157    8/ 83   0.0000   1.0000  64.7446  17.2414  17.5961  62.9429 120.8369 100.00 incorrect
T35 RANDOM   158   10/ 83   0.0000   1.0000  63.1272  16.3321  16.5796  61.3106 126.0930 100.00 incorrect
T35 RANDOM   159   67/ 83   0.0000   1.0000  53.6700  16.4606  17.6075  50.7982 169.8088  99.70 incorrect
T35 RANDOM   160   42/ 83   0.0000   1.0000  52.3420  13.9551  14.3660  51.2870  74.9522  99.70 incorrect
T35 RANDOM   161   15/ 83   0.0000   1.0000  63.2064  16.3073  16.5223  61.3821 126.9506 100.00 incorrect
T35 RANDOM   162   16/ 83   0.0000   1.0000  49.6640  15.5941  16.1561  47.0256 127.3604 100.00 incorrect
T35 RANDOM   163   16/ 83   0.0000   1.0000  48.5616  13.4456  14.0972  46.5723 103.3012  99.70 incorrect
T35 RANDOM   164   47/ 83   0.0000   1.0000  40.1364  13.7353  15.3117  36.0884 175.1281 100.00 incorrect
T35 RANDOM   165   10/ 83   0.0000   1.0000  65.4581  17.1055  17.0196  63.5149 142.9073 100.00 incorrect
T35 RANDOM   166   64/ 83   0.0154   0.9901  48.6221  13.1294  13.6710  45.4779 159.3188 100.00 incorrect
T35 RANDOM   167   41/ 83   0.0000   1.0000  53.3321  17.8076  19.0259  52.8439  53.6344 100.00 incorrect
T35 RANDOM   168   15/ 83   0.0000   1.0000  62.6727  16.2442  16.3864  60.8763 124.8822 100.00 incorrect
T35 RANDOM   169   16/ 83   0.0000   1.0000  53.0847  14.8138  16.1681  52.2423  68.6717  98.50 incorrect
T35 RANDOM   170   17/ 83   0.0000   1.0000  18.2783  11.9763  13.2830   4.7590 166.3398  98.50 incorrect
T35 RANDOM   171   19/ 83   0.0000   1.0000  46.3316  12.1596  12.4455  44.9028  80.1503 100.00 incorrect
T35 RANDOM   172   13/ 83   0.0000   1.0000  68.3181  18.1729  18.3923  66.3838 150.5170 100.00 incorrect
T35 RANDOM   173   69/ 83   0.0000   1.0000  30.6809   7.6202   8.3394  29.4136  66.6436 100.00 incorrect
T35 RANDOM   174   56/ 83   0.1846   0.7857   8.7630   3.2260   3.6629   8.3262  17.4872  99.70 acceptable
T35 RANDOM   175   94/ 83   0.0000   1.0000  33.8215   7.0315   7.2763  32.3392  77.8869  99.70 clashes,incorrect
T35 RANDOM   176   46/ 83   0.0000   1.0000  53.8657  15.8053  16.2825  51.4521 150.1006  99.70 incorrect
T35 RANDOM   177   27/ 83   0.0465   0.9747  40.4471   8.9571   9.4890  37.4629 134.5622  98.50 incorrect
T35 RANDOM   178   13/ 83   0.0000   1.0000  52.2191  16.7136  17.1645  49.4018 147.0013 100.00 incorrect
T35 RANDOM   179   12/ 83   0.0698   0.9362  38.5689  11.4523  13.2383  34.4573 139.6563  98.50 incorrect
T35 RANDOM   180   51/ 83   0.0000   1.0000  36.9234  12.0504  13.0708  32.9491 142.3649 100.00 incorrect
T35 RANDOM   181    5/ 83   0.0000   1.0000  48.5578  12.8548  13.3245  47.1192  84.5513  99.70 incorrect
T35 RANDOM   182   10/ 83   0.0000   1.0000  69.5407  19.2727  19.8638  67.6177 151.2265 100.00 incorrect
T35 RANDOM   183   10/ 83   0.0000   1.0000  60.2429  16.6084  16.7543  58.3428 126.6995 100.00 incorrect
T35 RANDOM   184   68/ 83   0.0000   1.0000  47.0547  13.3519  14.0690  46.0183  68.0601  99.70 incorrect
T35 RANDOM   185    6/ 83   0.0000   1.0000  60.6542  16.1807  16.1759  58.8784 120.2529 100.00 incorrect
T35 RANDOM   186   61/ 83   0.0000   1.0000  38.4438   7.4892   7.5627  36.4423 103.4339 100.00 incorrect
T35 RANDOM   187    8/ 83   0.0000   1.0000  64.3354  16.3792  16.5357  62.3643 139.4214 100.00 incorrect
T35 RANDOM   188   24/ 83   0.0000   1.0000  47.3506  15.2773  16.2806  43.9470 175.4357  98.50 incorrect
T35 RANDOM   189   11/ 83   0.0000   1.0000  60.7167  15.4940  15.5716  59.0543 114.7856 100.00 incorrect
T35 RANDOM   190   11/ 83   0.0000   1.0000  63.7122  16.5481  16.6286  61.8866 128.5232 100.00 incorrect
T35 RANDOM   191    6/ 83   0.0000   1.0000  64.7396  16.1034  16.3183  63.0467 131.3014  99.70 incorrect
T35 RANDOM   192   10/ 83   0.0000   1.0000  44.9639  14.8780  15.6249  42.2282 119.2488 100.00 incorrect
T35 RANDOM   193   47/ 83   0.0000   1.0000  55.7094  14.3406  14.6505  54.3445  91.7562  99.70 incorrect
T35 RANDOM   194   13/ 83   0.0000   1.0000  68.6105  23.9112  26.0305  67.0430 112.5755  98.50 incorrect
T35 RANDOM   195   15/ 83   0.0000   1.0000  49.2299  15.5106  15.9657  46.6442 126.3150 100.00 incorrect
T35 RANDOM   196   78/ 83   0.1538   0.8837  12.7535   3.9085   4.2944  12.2078  25.2614  99.70 acceptable
T35 RANDOM   197   13/ 83   0.0000   1.0000  48.4763  16.4638  17.2373  45.4592 168.1655  98.50 incorrect
T35 RANDOM   198   28/ 83   0.0000   1.0000  61.3011  17.0029  17.3757  59.1897 150.1006  99.70 incorrect
T35 RANDOM   199   15/ 83   0.0000   1.0000  54.1477  17.3946  17.9311  51.2910 159.4785 100.00 incorrect
T35 RANDOM   200   46/ 83   0.0000   1.0000  37.9927  11.2363  11.6350  36.4824  80.7263  99.70 incorrect
T35 RANDOM   201   11/ 83   0.0000   1.0000  63.0532  16.2197  16.3026  61.1921 130.0738 100.00 incorrect
T35 RANDOM   202   39/ 83   0.0000   1.0000  41.5655  13.6125  14.9066  38.2056 137.6895 100.00 incorrect
T35 RANDOM   203   13/ 83   0.0000   1.0000  62.3653  15.9336  16.0486  60.4690 130.4325 100.00 incorrect
T35 RANDOM   204   44/ 83   0.0000   1.0000  33.5133  11.8962  12.4303  30.0404 143.4384 100.00 incorrect
T35 RANDOM   205   14/ 83   0.0000   1.0000  59.9911  15.2521  15.3438  58.3129 115.3302 100.00 incorrect
T35 RANDOM   206   41/ 83   0.0308   0.9130  21.1303   5.9551   6.1098  19.9175  50.9550  99.70 incorrect
T35 RANDOM   207   77/ 83   0.0000   1.0000  55.8472  13.5316  13.9913  54.3828 108.3221 100.00 incorrect
T35 RANDOM   208   11/ 83   0.0000   1.0000  69.4415  19.2835  19.8495  67.4979 153.2074 100.00 incorrect
T35 RANDOM   209   12/ 83   0.0000   1.0000  50.0197  16.0468  16.6029  47.2638 132.2693 100.00 incorrect
T35 RANDOM   210   14/ 83   0.0000   1.0000  65.6912  17.3661  17.3760  63.7501 143.0706 100.00 incorrect
T35 RANDOM   211   13/ 83   0.0233   0.9884  46.6636  14.6068  14.7727  43.7943 148.5846  98.50 incorrect
T35 RANDOM   212   10/ 83   0.0000   1.0000  60.1951  15.2690  15.2653  58.5414 114.1749 100.00 incorrect
T35 RANDOM   213   22/ 83   0.0000   1.0000  32.5060  13.6998  14.5710  30.7492  69.2393  98.50 incorrect
T35 RANDOM   214  113/ 83   0.0154   0.9912  34.3936  11.2424  11.8394  32.6218  76.6534 100.00 clashes,incorrect
T35 RANDOM   215   11/ 83   0.0000   1.0000  68.8145  19.1081  19.6286  66.7893 161.1709 100.00 incorrect
T35 RANDOM   216   76/ 83   0.0000   1.0000  33.1899  11.2096  11.7322  32.5385  45.0442 100.00 incorrect
T35 RANDOM   217  226/ 83   0.0000   1.0000  58.9338  15.0904  15.3431  56.8951 138.2955  99.70 clashes,incorrect
T35 RANDOM   218   45/ 83   0.0000   1.0000  38.7778  11.2727  11.8829  35.2587 134.8080 100.00 incorrect
T35 RANDOM   219   74/ 83   0.0000   1.0000  40.9350  12.9337  13.9380  37.2901 147.0168 100.00 incorrect
T35 RANDOM   220   44/ 83   0.0615   0.9231  33.6456  10.4244  10.4690  32.2461  70.5200  99.70 incorrect
T35 RANDOM   221   52/ 83   0.0154   0.9730  44.1335  15.6861  16.5177  40.7057 156.0388  99.70 incorrect
T35 RANDOM   222   97/ 83   0.0000   1.0000  58.2444  14.8139  15.0888  56.4252 123.5550  99.70 clashes,incorrect
T35 RANDOM   223   18/ 83   0.0000   1.0000  40.7688  15.9083  18.0506  38.1859 106.3095  98.50 incorrect
T35 RANDOM   224   90/ 83   0.0000   1.0000  45.7112  14.9856  15.6486  42.7870 139.3513  99.70 clashes,incorrect
T35 RANDOM   225   55/ 83   0.0000   1.0000  50.4320  14.1293  14.6333  48.6018 104.8231  99.70 incorrect
T35 RANDOM   226    9/ 83   0.0154   0.9831  39.0241   8.1353   8.5544  37.1562  96.8055 100.00 incorrect
T35 RANDOM   227   28/ 83   0.0000   1.0000  44.5535  14.9479  16.7243  41.0156 168.1824  98.50 incorrect
T35 RANDOM   228    9/ 83   0.0000   1.0000  63.2048  16.4455  16.6736  61.3754 127.3695 100.00 incorrect
T35 RANDOM   229   18/ 83   0.0000   1.0000  65.8627  19.7370  21.0208  63.4463 151.5425  98.50 incorrect
T35 RANDOM   230   13/ 83   0.0000   1.0000  62.1334  15.8374  15.8751  60.2204 130.5067 100.00 incorrect
T35 RANDOM   231   34/ 83   0.0154   0.9836  46.2969  14.8985  16.4680  43.5484 126.0113 100.00 incorrect
T35 RANDOM   232    9/ 83   0.0000   1.0000  62.7998  16.6749  16.8839  60.9076 129.9084 100.00 incorrect
T35 RANDOM   233  116/ 83   0.0000   1.0000  34.3310  10.1151  10.7271  30.3834 173.6613 100.00 clashes,incorrect
T35 RANDOM   234   13/ 83   0.0000   1.0000  45.1440  12.0136  12.3735  43.6174  82.0561 100.00 incorrect
T35 RANDOM   235   13/ 83   0.0000   1.0000  55.3530  15.8855  17.1369  53.1515 117.4948  98.50 incorrect
T35 RANDOM   236   13/ 83   0.0154   0.9811  50.8819  17.9866  18.9186  47.7427 169.5219 100.00 incorrect
T35 RANDOM   237   13/ 83   0.0000   1.0000  50.3196  17.7864  18.8363  47.1176 172.7381 100.00 incorrect
T35 RANDOM   238   14/ 83   0.0000   1.0000  64.5418  19.8507  20.4324  62.1777 147.7430  98.50 incorrect
T35 RANDOM   239   67/ 83   0.0000   1.0000  37.7147  12.6703  14.1636  33.4366 171.2941 100.00 incorrect
T35 RANDOM   240    7/ 83   0.0000   1.0000  60.1663  15.4031  15.5554  58.5017 115.1998 100.00 incorrect
T35 RANDOM   241   13/ 83   0.0000   1.0000  66.0849  17.4362  17.4341  64.1459 143.8668 100.00 incorrect
T35 RANDOM   242   12/ 83   0.0000   1.0000  69.0602  20.5276  20.9916  67.0778 161.3802  98.50 incorrect
T35 RANDOM   243   90/ 83   0.0000   1.0000  42.4200   8.9662   9.4434  40.9369  89.9038 100.00 clashes,incorrect
T35 RANDOM   244   13/ 83   0.0000   1.0000  55.8495  15.7256  17.0686  54.0458 108.4061  98.50 incorrect
T35 RANDOM   245   14/ 83   0.0000   1.0000  72.6520  18.9090  19.6355  70.8275 166.1705  98.50 incorrect
T35 RANDOM   246   10/ 83   0.0000   1.0000  65.0491  17.0564  16.9925  63.1119 142.2183 100.00 incorrect
T35 RANDOM   247   66/ 83   0.0000   1.0000  33.8950  11.9213  12.6074  29.5246 175.6884 100.00 incorrect
T35 RANDOM   248   11/ 83   0.0000   1.0000  57.4294  14.9960  15.2040  56.1383  90.5588 100.00 incorrect
T35 RANDOM   249    7/ 83   0.0000   1.0000  64.9475  17.0903  17.1997  62.9962 140.7440 100.00 incorrect
T35 RANDOM   250   79/ 83   0.0000   1.0000  32.7962  11.3058  12.2879  28.6610 130.2299 100.00 incorrect
T35 RANDOM   251   41/ 83   0.0000   1.0000  38.9113  11.3660  11.9338  37.4017  77.1544  99.70 incorrect
T35 RANDOM   252   56/ 83   0.0000   1.0000  40.8442  14.7508  16.0411  38.4282 103.1163 100.00 incorrect
T35 RANDOM   253   43/ 83   0.0462   0.9455  29.9196   6.4228   6.7922  28.5478  68.1502  99.70 incorrect
T35 RANDOM   254   36/ 83   0.0000   1.0000  34.6044  11.6395  12.4054  30.4583 173.1581 100.00 incorrect
T35 RANDOM   255   10/ 83   0.0000   1.0000  62.5324  16.1357  16.2793  60.8877 117.7380 100.00 incorrect
T35 RANDOM   256   53/ 83   0.0000   1.0000  58.3885  16.8902  17.2436  56.3453 140.2797  99.70 incorrect
T35 RANDOM   257   35/ 83   0.0000   1.0000  52.1290  15.5831  17.0134  49.2174 160.9885 100.00 incorrect
T35 RANDOM   258    6/ 83   0.0000   1.0000  71.9210  20.9806  22.6904  70.5199 109.5219  98.50 incorrect
T35 RANDOM   259   14/ 83   0.0000   1.0000  62.5003  16.0885  16.3206  60.7099 124.3274 100.00 incorrect
T35 RANDOM   260    9/ 83   0.0000   1.0000  70.8819  22.9692  24.3820  70.5342  44.2789  98.50 incorrect
T35 RANDOM   261   47/ 83   0.0769   0.8980  26.8017   8.6546   8.8121  25.1329  65.5767  99.70 incorrect
T35 RANDOM   262   12/ 83   0.0000   1.0000  59.2074  15.1349  15.2160  57.5202 114.7551 100.00 incorrect
T35 RANDOM   263   13/ 83   0.0000   1.0000  43.9232  13.9284  15.2145  42.7244  66.2753  98.50 incorrect
T35 RANDOM   264   18/ 83   0.0000   1.0000  61.5188  20.5266  22.0117  61.3138  30.1972  98.50 incorrect
T35 RANDOM   265   13/ 83   0.0000   1.0000  49.3894  15.2127  15.9276  45.9079 164.7828  98.50 incorrect
T35 RANDOM   266   50/ 83   0.0000   1.0000  51.7432  13.8201  14.2391  49.9323 109.6901  99.70 incorrect
T35 RANDOM   267   15/ 83   0.0000   1.0000  64.1931  16.7681  16.9825  62.2598 135.9564 100.00 incorrect
T35 RANDOM   268   27/ 83   0.0000   1.0000  36.8909  14.7222  16.1038  32.3052 169.4221  98.50 incorrect
T35 RANDOM   269   40/ 83   0.0000   1.0000  35.7090  11.1869  12.0338  33.6624  87.8724  99.70 incorrect
T35 RANDOM   270   37/ 83   0.0000   1.0000  43.9991  14.2080  14.7723  42.4919  86.9393 100.00 incorrect
T35 RANDOM   271   15/ 83   0.0000   1.0000  65.3564  17.4623  18.1267  63.4486 143.5484 100.00 incorrect
T35 RANDOM   272    8/ 83   0.0000   1.0000  56.5943  15.0509  15.5866  55.0460  97.2090  99.70 incorrect
T35 RANDOM   273    7/ 83   0.0000   1.0000  64.1843  16.5840  16.9531  62.2847 134.3396 100.00 incorrect
T35 RANDOM   274   42/ 83   0.0000   1.0000  34.4418  10.4031  11.1053  34.0437  34.9280  99.70 incorrect
T35 RANDOM   275   44/ 83   0.0615   0.9245  24.4065   7.7156   7.8608  23.0536  55.4460  99.70 incorrect
T35 RANDOM   276   15/ 83   0.0000   1.0000  61.8218  15.8846  15.8509  60.0012 124.4815 100.00 incorrect
T35 RANDOM   277   86/ 83   0.0000   1.0000  42.6176  14.1777  15.0041  40.5935  94.9007  99.70 clashes,incorrect
T35 RANDOM   278   16/ 83   0.0000   1.0000  64.9839  15.7756  15.9182  62.9153 153.2881 100.00 incorrect
T35 RANDOM   279   15/ 83   0.0000   1.0000  52.6091  17.8791  18.6045  49.5946 169.1929 100.00 incorrect
T35 RANDOM   280    8/ 83   0.0000   1.0000  48.1507  15.9746  17.5295  44.8195 155.2412  98.50 incorrect
T35 RANDOM   281    9/ 83   0.0769   0.7826  18.9688   4.4417   4.8220  18.4856  30.9750  99.70 incorrect
T35 RANDOM   282   10/ 83   0.0000   1.0000  62.2713  16.3960  16.6344  60.5131 121.9558 100.00 incorrect
T35 RANDOM   283   34/ 83   0.0000   1.0000  42.4214  13.5682  14.8288  40.4995  97.7531 100.00 incorrect
T35 RANDOM   284   67/ 83   0.0000   1.0000  27.2149   6.3798   6.9609  26.2164  54.2700 100.00 incorrect
T35 RANDOM   285   15/ 83   0.0000   1.0000  43.7465  14.7314  15.4200  40.7828 124.4527 100.00 incorrect
T35 RANDOM   286    8/ 83   0.0000   1.0000  64.5590  16.9151  16.9930  62.5762 142.7671 100.00 incorrect
T35 RANDOM   287   22/ 83   0.0000   1.0000  57.1525  14.8116  15.1586  55.2788 119.9487  99.70 incorrect
T35 RANDOM   288   31/ 83   0.0000   1.0000  38.1936  12.3346  13.1918  35.7461 104.8231  99.70 incorrect
T35 RANDOM   289  102/ 83   0.0000   1.0000  64.8646  16.1627  17.3176  63.1242 132.0585 100.00 clashes,incorrect
T35 RANDOM   290   12/ 83   0.0000   1.0000  61.4749  15.4055  16.2291  59.4871 137.2973  98.50 incorrect
T35 RANDOM   291   79/ 83   0.0615   0.9420  34.5389  14.2413  15.2828  30.7632 128.7664 100.00 incorrect
T35 RANDOM   292   10/ 83   0.0000   1.0000  59.6272  15.2367  15.3363  57.9231 116.7112 100.00 incorrect
T35 RANDOM   293   33/ 83   0.0000   1.0000  41.2184  10.2505  10.9211  39.9526  78.5298 100.00 incorrect
T35 RANDOM   294   31/ 83   0.0000   1.0000  33.0363  10.5216  11.4259  32.2219  49.1531  99.70 incorrect
T35 RANDOM   295   13/ 83   0.0000   1.0000  46.1012  14.8444  15.4140  43.5597 116.9028 100.00 incorrect
T35 RANDOM   296   49/ 83   0.0154   0.9890  39.6421   8.1939   8.0785  37.7953  97.7533 100.00 incorrect
T35 RANDOM   297   54/ 83   0.0462   0.9286  55.4040  17.4481  17.9919  52.8436 160.3342  99.70 incorrect
T35 RANDOM   298    9/ 83   0.0000   1.0000  60.4216  15.6745  15.8253  58.7145 116.1280 100.00 incorrect
T35 RANDOM   299   75/ 83   0.0000   1.0000  46.8412  13.3491  14.5597  44.1495 151.2799 100.00 incorrect
T35 RANDOM   300   14/ 83   0.0000   1.0000  64.6497  16.9096  17.0061  62.6960 140.1221 100.00 incorrect
T35 RANDOM   301   16/ 83   0.0000   1.0000  61.7920  16.1582  16.1635  60.0400 119.3912 100.00 incorrect
T35 RANDOM   302    7/ 83   0.0000   1.0000  59.8784  15.2029  15.4547  58.2295 113.2765 100.00 incorrect
T35 RANDOM   303   11/ 83   0.0154   0.9844  38.4331   8.1887   8.7209  36.4747  97.6060 100.00 incorrect
T35 RANDOM   304   24/ 83   0.0000   1.0000  47.7455  15.6548  16.4524  44.9420 136.9610  99.70 incorrect
T35 RANDOM   305   38/ 83   0.0000   1.0000  36.3647  10.2064  11.0339  35.1331  70.1810 100.00 incorrect
T35 RANDOM   306   14/ 83   0.0000   1.0000  62.7069  16.1115  16.3231  60.9184 124.7350 100.00 incorrect
T35 RANDOM   307    7/ 83   0.0000   1.0000  62.6036  16.8314  17.0680  60.9719 111.5678 100.00 incorrect
T35 RANDOM   308    9/ 83   0.0000   1.0000  56.3539  18.0233  19.3936  53.8048 159.5210  98.50 incorrect
T35 RANDOM   309   20/ 83   0.0000   1.0000  30.5897  10.9846  11.7759  25.9131 171.9399  98.50 incorrect
T35 RANDOM   310   16/ 83   0.0000   1.0000  50.9520  16.6909  17.3102  48.0748 145.5263 100.00 incorrect
T35 RANDOM   311   25/ 83   0.0000   1.0000  62.9477  16.2456  17.4123  60.7591 175.8821  98.50 incorrect
T35 RANDOM   312   44/ 83   0.0000   1.0000  43.3964  13.0099  13.7082  40.3458 148.1416 100.00 incorrect
T35 RANDOM   313   12/ 83   0.0000   1.0000  39.8505  13.6439  15.4421  36.7436 118.8797  98.50 incorrect
T35 RANDOM   314   19/ 83   0.0000   1.0000  61.8094  15.8035  15.9637  59.8231 139.1258 100.00 incorrect
T35 RANDOM   315   11/ 83   0.0000   1.0000  52.9715  14.3161  14.4728  51.1853 108.2290 100.00 incorrect
T35 RANDOM   316   76/ 83   0.0308   0.9750  33.4995   9.6369  10.3036  31.7830  77.9178 100.00 incorrect
T35 RANDOM   317   41/ 83   0.1538   0.7561  17.3726   4.0164   4.4967  16.8573  29.8486  99.70 incorrect
T35 RANDOM   318   19/ 83   0.0000   1.0000  66.9243  18.4454  19.4248  65.0841 136.3763  98.50 incorrect
T35 RANDOM   319   58/ 83   0.0308   0.9636  52.3748  18.2981  19.4485  49.4322 167.2384  99.70 incorrect
T35 RANDOM   320    9/ 83   0.0000   1.0000  66.8900  17.4666  17.5791  64.8119 169.9673 100.00 incorrect
T35 RANDOM   321   56/ 83   0.0000   1.0000  58.6979  15.6425  16.0420  56.8155 128.2523  99.70 incorrect
T35 RANDOM   322   34/ 83   0.1231   0.8333  29.9428   6.2653   6.5712  28.2437  77.6253  99.70 incorrect
T35 RANDOM   323    8/ 83   0.0000   1.0000  61.8232  15.9612  16.0026  60.0687 120.5474 100.00 incorrect
T35 RANDOM   324    9/ 83   0.0000   1.0000  64.2736  17.1756  17.2051  62.3878 132.9855 100.00 incorrect
T35 RANDOM   325   27/ 83   0.0000   1.0000  39.0273  10.4924  10.8211  37.6017  74.9522  99.70 incorrect
T35 RANDOM   326    9/ 83   0.0000   1.0000  65.6441  18.0208  18.3665  63.3749 166.2819 100.00 incorrect
T35 RANDOM   327   15/ 83   0.0000   1.0000  64.5591  16.9669  17.1490  62.6041 137.7764 100.00 incorrect
T35 RANDOM   328    2/ 83   0.0000   1.0000  25.2549  12.8757  13.3189  20.4492 116.9640  98.50 incorrect
T35 RANDOM   329    7/ 83   0.0000   1.0000  68.7319  20.3232  20.7205  66.7410 145.9237 100.00 incorrect
T35 RANDOM   330   49/ 83   0.0000   1.0000  29.4065   8.0938   8.4828  28.2496  55.8847  99.70 incorrect
T35 RANDOM   331   53/ 83   0.0000   1.0000  55.6919  16.3423  17.1116  53.6255 119.5543 100.00 incorrect
T35 RANDOM   332   32/ 83   0.0462   0.9492  34.3082  10.6583  10.9184  31.6725 101.7243 100.00 incorrect
T35 RANDOM   333    9/ 83   0.0000   1.0000  59.7930  15.2078  15.2075  58.1069 114.9612 100.00 incorrect
T35 RANDOM   334   11/ 83   0.0000   1.0000  71.9848  19.3822  19.2996  70.1744 143.7985 100.00 incorrect
T35 RANDOM   335    7/ 83   0.0000   1.0000  59.3659  15.2024  15.2844  57.7213 112.7673 100.00 incorrect
T35 RANDOM   336    9/ 83   0.0000   1.0000  59.6103  15.0868  15.2011  57.9837 112.0364 100.00 incorrect
T35 RANDOM   337    8/ 83   0.0000   1.0000  59.5998  15.2576  15.4026  57.9248 114.9811 100.00 incorrect
T35 RANDOM   338   36/ 83   0.0000   1.0000  50.2642  16.3334  16.9686  47.2468 153.2642 100.00 incorrect
T35 RANDOM   339   18/ 83   0.0000   1.0000  36.0745  15.5929  17.3760  33.3805 108.9704  98.50 incorrect
T35 RANDOM   340   12/ 83   0.0000   1.0000  63.3855  16.8547  16.7912  61.4980 132.1954 100.00 incorrect
T35 RANDOM   341   58/ 83   0.0000   1.0000  34.2223  10.4890  11.0505  34.0134  24.3354 100.00 incorrect
T35 RANDOM   342  101/ 83   0.0000   1.0000  37.3931  10.5880  11.2680  35.7765  76.8126 100.00 clashes,incorrect
T35 RANDOM   343   12/ 83   0.0000   1.0000  71.3762  19.1693  19.3190  69.5885 139.6464 100.00 incorrect
T35 RANDOM   344    8/ 83   0.0000   1.0000  64.4152  16.7530  16.8048  62.4574 139.6476 100.00 incorrect
T35 RANDOM   345   62/ 83   0.0000   1.0000  36.5927  13.1076  13.9994  32.5537 143.0785 100.00 incorrect
T35 RANDOM   346   14/ 83   0.0308   0.9697  30.6982   8.8181   9.0273  29.5409  59.5361 100.00 incorrect
T35 RANDOM   347   77/ 83   0.0000   1.0000  42.7789  14.2143  15.2346  39.9101 137.1964 100.00 incorrect
T35 RANDOM   348   12/ 83   0.0000   1.0000  63.8036  16.8493  16.8703  61.9444 132.0324 100.00 incorrect
T35 RANDOM   349   11/ 83   0.0000   1.0000  57.6930  15.1976  15.6428  56.3057  95.6082 100.00 incorrect
T35 RANDOM   350   60/ 83   0.0000   1.0000  31.1935  11.0088  11.5525  26.5562 172.3518 100.00 incorrect
T35 RANDOM   351   11/ 83   0.0000   1.0000  62.2792  15.9534  16.2027  60.4644 125.1491 100.00 incorrect
T35 RANDOM   352   12/ 83   0.0000   1.0000  64.5628  17.0258  17.2453  62.6091 139.2365 100.00 incorrect
T35 RANDOM   353   16/ 83   0.0000   1.0000  67.8601  18.9348  19.2311  65.8213 160.9563 100.00 incorrect
T35 RANDOM   354  107/ 83   0.0000   1.0000  43.1008  12.6082  13.1907  40.4914 125.9127  99.70 clashes,incorrect
T35 RANDOM   355   81/ 83   0.0000   1.0000  32.3892   8.5070   8.9526  31.1373  66.2337 100.00 incorrect
T35 RANDOM   356   12/ 83   0.0000   1.0000  50.5909  17.7855  18.7705  47.4229 173.3577 100.00 incorrect
T35 RANDOM   357   12/ 83   0.0000   1.0000  63.9731  16.9341  16.8703  62.2111 125.2446 100.00 incorrect
T35 RANDOM   358   18/ 83   0.0000   1.0000  22.9615  10.9617  11.4181  15.8597 161.6400  98.50 incorrect
T35 RANDOM   359    5/ 83   0.0000   1.0000  41.9718  13.0421  13.6767  39.8996  97.3886  99.70 incorrect
T35 RANDOM   360    9/ 83   0.0000   1.0000  59.6387  15.2977  15.4716  57.9316 116.2841 100.00 incorrect
T35 RANDOM   361   16/ 83   0.0000   1.0000  64.1266  17.2348  17.2747  62.1975 135.9357 100.00 incorrect
T35 RANDOM   362   21/ 83   0.0000   1.0000  45.1611  11.8751  12.2185  43.8205  77.9678  99.70 incorrect
T35 RANDOM   363   13/ 83   0.0000   1.0000  19.7038  11.3483  12.9931  14.4403  99.1073  98.50 incorrect
T35 RANDOM   364   14/ 83   0.0000   1.0000  61.8090  15.6137  15.8248  59.9262 129.1398 100.00 incorrect
T35 RANDOM   365   28/ 83   0.0000   1.0000  68.6396  18.1929  18.4698  66.6450 169.0191  99.70 incorrect
T35 RANDOM   366   92/ 83   0.0000   1.0000  32.8938  11.5985  12.1589  29.1845 150.5153 100.00 clashes,incorrect
T35 RANDOM   367   14/ 83   0.0462   0.9600  33.6206   8.7249   8.8061  32.2568  71.9772 100.00 incorrect
T35 RANDOM   368   83/ 83   0.0308   0.9778  43.0491  10.2679  10.7029  40.1588 160.2537 100.00 incorrect
T35 RANDOM   369   10/ 83   0.0000   1.0000  68.8985  19.2164  19.7502  66.9209 155.0968 100.00 incorrect
T35 RANDOM   370   19/ 83   0.0000   1.0000  67.8465  18.7902  19.1155  65.8045 161.4789 100.00 incorrect
T35 RANDOM   371   14/ 83   0.0000   1.0000  59.5025  22.1570  22.8584  57.3943 139.7560  98.50 incorrect
T35 RANDOM   372   47/ 83   0.0000   1.0000  37.5550  11.2469  12.0056  35.9356  76.7954 100.00 incorrect
T35 RANDOM   373  105/ 83   0.0308   0.9808  40.4568  11.7618  12.7221  37.8063 115.9556 100.00 clashes,incorrect
T35 RANDOM   374   16/ 83   0.0000   1.0000  49.6082  16.1161  17.2923  47.0379 136.2434  98.50 incorrect
T35 RANDOM   375   13/ 83   0.0000   1.0000  62.5782  16.3742  16.5622  60.7612 125.1551 100.00 incorrect
T35 RANDOM   376   13/ 83   0.0000   1.0000  74.4191  22.3528  22.9769  72.7274 143.6014  98.50 incorrect
T35 RANDOM   377   13/ 83   0.0000   1.0000  47.5528  19.7196  20.3891  46.2109  79.3831  98.50 incorrect
T35 RANDOM   378   77/ 83   0.0000   1.0000  55.0812  17.6628  18.2731  53.0753 123.7128 100.00 incorrect
T35 RANDOM   379   17/ 83   0.0000   1.0000  48.4234  17.1257  18.1767  45.2376 171.3462  98.50 incorrect
T35 RANDOM   380   35/ 83   0.0000   1.0000  34.0394  12.4609  14.3605  31.7094  91.7309 100.00 incorrect
T35 RANDOM   381   15/ 83   0.0000   1.0000  17.8843  10.5064  11.2151   6.2805 142.7954  98.50 incorrect
T35 RANDOM   382   45/ 83   0.0000   1.0000  55.2433  13.6233  13.8443  53.5420 111.2077  99.70 incorrect
T35 RANDOM   383   16/ 83   0.0000   1.0000  58.6126  14.9889  15.0866  57.1729 101.2966 100.00 incorrect
T35 RANDOM   384    7/ 83   0.0000   1.0000  59.1675  15.0120  15.1716  57.5251 111.9459 100.00 incorrect
T35 RANDOM   385   45/ 83   0.0000   1.0000  44.0983  14.3203  15.2284  43.8044  35.6550 100.00 incorrect
T35 RANDOM   386   12/ 83   0.0000   1.0000  62.3479  20.9149  23.3165  61.4665  69.4152  98.50 incorrect
T35 RANDOM   387   22/ 83   0.0000   1.0000  45.3838  14.5421  16.0484  41.9882 168.5403  98.50 incorrect
T35 RANDOM   388   56/ 83   0.0000   1.0000  32.1186  12.0234  12.3918  28.4383 138.7854 100.00 incorrect
T35 RANDOM   389   40/ 83   0.0154   0.9783  33.8338  10.1848  10.7986  31.7808  84.7779  99.70 incorrect
T35 RANDOM   390   14/ 83   0.0000   1.0000  49.3917  17.5604  18.5728  46.1194 176.1700 100.00 incorrect
T35 RANDOM   391    7/ 83   0.0000   1.0000  75.2302  24.1312  25.8849  74.3805  81.8966  98.50 incorrect
T35 RANDOM   392  130/ 83   0.0154   0.9912  53.1991  15.9732  16.6525  51.0976 115.4223 100.00 clashes,incorrect
T35 RANDOM   393   10/ 83   0.0000   1.0000  63.1415  16.2532  16.2490  61.3770 124.3850 100.00 incorrect
T35 RANDOM   394   15/ 83   0.0000   1.0000  51.6344  16.2507  17.1662  50.1544  94.8916  98.50 incorrect
T35 RANDOM   395    8/ 83   0.0000   1.0000  51.1563  17.8578  18.7626  48.0404 171.7143 100.00 incorrect
T35 RANDOM   396   16/ 83   0.0000   1.0000  26.4342   7.7732   8.4118  25.7398  40.1415 100.00 incorrect
T35 RANDOM   397   36/ 83   0.0000   1.0000  56.4159  14.8609  15.2599  54.4576 128.2392  99.70 incorrect
T35 RANDOM   398   82/ 83   0.0154   0.9906  38.3083   8.7990   9.3967  36.2732 101.1664 100.00 incorrect
T35 RANDOM   399   51/ 83   0.0000   1.0000  33.5153  11.4563  12.0475  29.2636 175.9942 100.00 incorrect
T35 RANDOM   400   11/ 83   0.0000   1.0000  45.9018  12.1332  12.5201  44.5063  78.7369 100.00 incorrect
T35 RANDOM   401   15/ 83   0.0000   1.0000  62.9596  16.6558  16.7368  61.1158 128.2452 100.00 incorrect
T35 RANDOM   402   57/ 83   0.0615   0.9500  41.7162  12.8313  13.5944  38.3180 155.4139 100.00 incorrect
T35 RANDOM   403   40/ 83   0.0154   0.9841  28.3660   7.9384   8.8011  26.0069  81.8631  99.70 incorrect
T35 RANDOM   404   18/ 83   0.0000   1.0000  44.9436  14.2551  15.3275  41.3482 170.4387  98.50 incorrect
T35 RANDOM   405   22/ 83   0.0000   1.0000  47.6559  10.0248  10.3049  45.1563 136.2108 100.00 incorrect
T35 RANDOM   406   51/ 83   0.0308   0.9474  14.1366   4.8409   5.3991  13.9378  15.3923  99.70 incorrect
T35 RANDOM   407   14/ 83   0.0462   0.9605  34.5590   8.9694   9.0542  33.0877  76.0840 100.00 incorrect
T35 RANDOM   408    7/ 83   0.0000   1.0000  63.4555  16.9637  16.9999  61.6227 128.5798 100.00 incorrect
T35 RANDOM   409   13/ 83   0.0000   1.0000  67.6591  18.7553  18.9582  65.6261 159.9413 100.00 incorrect
T35 RANDOM   410   58/ 83   0.0308   0.9583  33.6679  10.7933  10.8981  30.9601 102.5497  99.70 incorrect
T35 RANDOM   411   12/ 83   0.0000   1.0000  65.5870  17.2962  17.2566  63.6478 142.5916 100.00 incorrect
T35 RANDOM   412  105/ 83   0.0462   0.9681  42.1748  11.2716  11.5781  38.8969 168.3115 100.00 clashes,incorrect
T35 RANDOM   413   21/ 83   0.1628   0.9000  19.3956   6.5729   7.1218  16.5575  68.0635  98.50 incorrect
T35 RANDOM   414    3/ 83   0.0000   1.0000  64.1780  16.8704  17.0923  62.3232 131.3051 100.00 incorrect
T35 RANDOM   415   58/ 83   0.0000   1.0000  37.5572  13.0306  14.4167  33.2139 169.9978 100.00 incorrect
T35 RANDOM   416    4/ 83   0.0000   1.0000  52.9170  14.3572  14.7003  51.1494  99.8148 100.00 incorrect
T35 RANDOM   417   94/ 83   0.1846   0.8286  14.8322   3.6702   4.0920  13.0457  50.9550  99.70 clashes,acceptable
T35 RANDOM   418   14/ 83   0.1231   0.8857  32.6418   7.1585   7.4915  30.8593  80.8806 100.00 incorrect
T35 RANDOM   419   20/ 83   0.0000   1.0000  48.8507  14.8001  16.6482  47.0169  96.6496  98.50 incorrect
T35 RANDOM   420   14/ 83   0.0000   1.0000  59.9480  15.3737  15.4117  58.2475 115.7434 100.00 incorrect
T35 RANDOM   421    8/ 83   0.0000   1.0000  50.7273  18.4579  18.7797  47.6940 144.2279  98.50 incorrect
T35 RANDOM   422   13/ 83   0.0000   1.0000  27.0706  11.7117  12.5737  21.5512 162.6858  98.50 incorrect
T35 RANDOM   423   12/ 83   0.0000   1.0000  60.4926  16.1196  16.4829  59.0452 100.5444 100.00 incorrect
T35 RANDOM   424   46/ 83   0.0000   1.0000  37.5003  14.1381  15.8867  33.1723 172.5970  99.70 incorrect
T35 RANDOM   425   30/ 83   0.0000   1.0000  61.1918  21.1419  22.5272  60.1483  84.4628  98.50 incorrect
T35 RANDOM   426   11/ 83   0.0000   1.0000  66.8370  17.8999  18.2069  64.6257 170.2989 100.00 incorrect
T35 RANDOM   427   96/ 83   0.0000   1.0000  33.2492   9.9148  10.4408  29.2353 168.3400 100.00 clashes,incorrect
T35 RANDOM   428   15/ 83   0.0000   1.0000  61.5257  16.0040  16.0309  59.7989 118.5436 100.00 incorrect
T35 RANDOM   429   13/ 83   0.0000   1.0000  60.1216  15.2973  15.3651  58.4702 113.3216 100.00 incorrect
T35 RANDOM   430   11/ 83   0.0000   1.0000  51.8755  20.6752  21.9494  51.2507  53.1012  98.50 incorrect
T35 RANDOM   431   15/ 83   0.0000   1.0000  52.9559  20.2493  21.1859  50.3650 169.4182  98.50 incorrect
T35 RANDOM   432   10/ 83   0.0000   1.0000  63.9990  16.4780  16.7205  62.1174 132.8069 100.00 incorrect
T35 RANDOM   433   16/ 83   0.0000   1.0000  63.6957  16.5126  16.7179  61.8330 130.0693 100.00 incorrect
T35 RANDOM   434   50/ 83   0.0000   1.0000  62.2851  15.1735  15.4322  60.2704 157.6489 100.00 incorrect
T35 RANDOM   435   20/ 83   0.0000   1.0000  36.4981  10.0727  10.5123  36.0547  37.8223 100.00 incorrect
T35 RANDOM   436   13/ 83   0.0000   1.0000  67.4038  23.1735  24.2121  65.3944 125.5322  98.50 incorrect
T35 RANDOM   437    8/ 83   0.0000   1.0000  69.8433  19.4036  19.8881  67.9037 154.5794 100.00 incorrect
T35 RANDOM   438   10/ 83   0.0000   1.0000  36.8705  10.0642  10.5432  35.9554  55.8847  99.70 incorrect
T35 RANDOM   439   15/ 83   0.0000   1.0000  59.8982  18.6568  20.2600  57.7013 126.7791  98.50 incorrect
T35 RANDOM   440    8/ 83   0.0000   1.0000  61.2046  18.3570  19.7283  59.1417 124.8120  98.50 incorrect
T35 RANDOM   441   97/ 83   0.0000   1.0000  29.5139  10.6611  11.1534  28.3898  57.7643 100.00 clashes,incorrect
T35 RANDOM   442    9/ 83   0.0000   1.0000  59.0574  15.1975  15.4309  57.2297 124.4069 100.00 incorrect
T35 RANDOM   443   15/ 83   0.0000   1.0000  45.1857  13.9663  14.6178  42.6418 121.7999  99.70 incorrect
T35 RANDOM   444    9/ 83   0.0000   1.0000  62.5601  16.6656  16.7388  60.7549 123.7831 100.00 incorrect
T35 RANDOM   445   12/ 83   0.0000   1.0000  59.9334  16.1238  16.1780  58.3353 106.2120 100.00 incorrect
T35 RANDOM   446   10/ 83   0.0000   1.0000  62.6216  16.3544  16.5804  60.7804 124.8522 100.00 incorrect
T35 RANDOM   447   39/ 83   0.0308   0.9583  30.8037   8.2944   9.1129  29.1223  71.9155  99.70 incorrect
T35 RANDOM   448   12/ 83   0.0000   1.0000  66.2289  17.8795  18.2548  63.9936 170.4789 100.00 incorrect
T35 RANDOM   449   83/ 83   0.0000   1.0000  31.0736  10.1912  11.0240  26.8714 132.4028  99.70 incorrect
T35 RANDOM   450   12/ 83   0.0000   1.0000  69.6375  19.6127  19.8268  67.6601 154.3864 100.00 incorrect
T35 RANDOM   451  134/ 83   0.0000   1.0000  33.6384   8.4490   9.0861  32.2395  74.2800 100.00 clashes,incorrect
T35 RANDOM   452   12/ 83   0.0000   1.0000  69.4948  19.0963  19.6210  67.5656 153.2214 100.00 incorrect
T35 RANDOM   453   11/ 83   0.0000   1.0000  64.3795  16.7331  16.8020  62.5350 130.4230 100.00 incorrect
T35 RANDOM   454   37/ 83   0.0000   1.0000  47.9782  15.1346  15.9191  46.8245  81.0980 100.00 incorrect
T35 RANDOM   455   78/ 83   0.0000   1.0000  41.3260  10.4513  10.8206  39.2897 107.4298  99.70 incorrect
T35 RANDOM   456   78/ 83   0.0000   1.0000  60.6962  15.2299  15.4463  58.7975 133.2234  99.70 incorrect
T35 RANDOM   457    9/ 83   0.0000   1.0000  60.7916  16.2059  16.4817  59.2938 102.0283 100.00 incorrect
T35 RANDOM   458  125/ 83   0.0462   0.9735  37.0151   9.3191   9.9942  35.0888  94.0549 100.00 clashes,incorrect
T35 RANDOM   459   15/ 83   0.0000   1.0000  64.9916  19.3558  21.0123  62.7483 148.9431  98.50 incorrect
T35 RANDOM   460   39/ 83   0.0000   1.0000  61.1634  15.7932  16.1098  59.2742 135.0606  99.70 incorrect
T35 RANDOM   461   88/ 83   0.0000   1.0000  53.1699  16.2728  16.7702  50.1845 170.8004 100.00 clashes,incorrect
T35 RANDOM   462    8/ 83   0.0000   1.0000  48.8463  15.5781  16.0936  46.3272 121.1313 100.00 incorrect
T35 RANDOM   463   11/ 83   0.0000   1.0000  62.0495  16.5091  16.4240  60.1914 126.9796 100.00 incorrect
T35 RANDOM   464    7/ 83   0.0000   1.0000  61.5985  16.4697  16.6208  59.9465 110.8181 100.00 incorrect
T35 RANDOM   465   15/ 83   0.0000   1.0000  59.5830  17.3533  18.3145  57.6895 112.4933  98.50 incorrect
T35 RANDOM   466   17/ 83   0.0000   1.0000  63.7788  16.8452  17.1869  62.0081 130.9246  98.50 incorrect
T35 RANDOM   467  103/ 83   0.0769   0.9561  39.0619   8.4557   8.3398  37.1751  97.6651 100.00 clashes,incorrect
T35 RANDOM   468   11/ 83   0.0000   1.0000  59.7376  15.3746  15.3688  58.0494 114.3116 100.00 incorrect
T35 RANDOM   469    8/ 83   0.0000   1.0000  72.7159  24.8645  25.6518  71.9842  66.7580  98.50 incorrect
T35 RANDOM   470   24/ 83   0.0000   1.0000  51.8236  15.3179  16.5621  48.8652 176.6103  98.50 incorrect
T35 RANDOM   471   47/ 83   0.0000   1.0000  58.0379  17.9935  18.6828  56.1956 122.4029 100.00 incorrect
T35 RANDOM   472   13/ 83   0.0000   1.0000  69.8183  20.7849  22.1075  68.0691 125.9227  98.50 incorrect
T35 RANDOM   473   13/ 83   0.0000   1.0000  47.7517  15.2207  15.9024  45.1896 119.5098 100.00 incorrect
T35 RANDOM   474  116/ 83   0.0308   0.9655  44.3676  16.5799  16.8879  40.9764 161.9780  99.70 clashes,incorrect
T35 RANDOM   475   12/ 83   0.0000   1.0000  68.9253  19.0598  19.5331  66.9655 154.7259 100.00 incorrect
T35 RANDOM   476    8/ 83   0.0000   1.0000  60.9373  15.8432  15.9565  59.2255 117.0993 100.00 incorrect
T35 RANDOM   477   94/ 83   0.0308   0.9808  39.4954  12.6987  13.6137  36.6156 116.6575 100.00 clashes,incorrect
T35 RANDOM   478   13/ 83   0.0000   1.0000  59.5262  15.0789  15.1443  57.8849 112.5690 100.00 incorrect
T35 RANDOM   479   53/ 83   0.0000   1.0000  54.5813  14.2217  14.5725  52.8009 106.6576 100.00 incorrect
T35 RANDOM   480   12/ 83   0.0000   1.0000  61.2245  15.8587  15.8419  59.5074 117.9195 100.00 incorrect
T35 RANDOM   481   13/ 83   0.0000   1.0000  68.1857  19.0102  19.3436  66.1352 160.6302 100.00 incorrect
T35 RANDOM   482   13/ 83   0.0000   1.0000  44.3155  11.5019  11.4873  42.9565  76.6663 100.00 incorrect
T35 RANDOM   483    9/ 83   0.0000   1.0000  64.0402  16.7114  16.7738  62.0681 141.6546 100.00 incorrect
T35 RANDOM   484   59/ 83   0.0154   0.9773  31.4914  11.0830  11.8243  28.6958  94.9007  99.70 incorrect
T35 RANDOM   485   18/ 83   0.0000   1.0000  25.5775   7.4492   7.9325  25.0382  34.9280  99.70 incorrect
T35 RANDOM   486   10/ 83   0.0000   1.0000  60.3326  15.5268  15.6013  58.6547 114.8176 100.00 incorrect
T35 RANDOM   487   12/ 83   0.0000   1.0000  59.3663  15.1966  15.3227  57.6973 113.8363 100.00 incorrect
T35 RANDOM   488   56/ 83   0.0000   1.0000  33.2337  11.9577  12.6386  32.7144  41.8202 100.00 incorrect
T35 RANDOM   489   11/ 83   0.0000   1.0000  60.5792  15.8109  15.8131  58.8338 117.8857 100.00 incorrect
T35 RANDOM   490   16/ 83   0.0000   1.0000  55.8967  17.8599  18.5735  53.4198 163.0951  98.50 incorrect
T35 RANDOM   491   11/ 83   0.0000   1.0000  44.1411  13.8574  15.4850  40.4380 163.2721  98.50 incorrect
T35 RANDOM   492   16/ 83   0.0308   0.9683  29.3262   7.8097   8.3974  27.5915  70.4327 100.00 incorrect
T35 RANDOM   493   73/ 83   0.0000   1.0000  32.8789  11.4222  11.8319  29.1820 150.8254 100.00 incorrect
T35 RANDOM   494   12/ 83   0.0000   1.0000  62.8846  16.2989  16.3824  60.9754 131.1569 100.00 incorrect
T35 RANDOM   495   12/ 83   0.0000   1.0000  50.4064  13.1487  14.5787  48.2798 104.8858  98.50 incorrect
T35 RANDOM   496   12/ 83   0.0000   1.0000  59.5225  15.2105  15.2973  57.8512 114.0139 100.00 incorrect
T35 RANDOM   497   50/ 83   0.0000   1.0000  37.3973   9.4782   9.7976  36.7250  51.4495 100.00 incorrect
T35 RANDOM   498    9/ 83   0.0000   1.0000  45.9029  12.1392  12.4466  44.3051  84.8885 100.00 incorrect
